count;dtBaro
1;2925
2;3216
3;3275
4;3032
5;3135
6;3279
7;3277
8;3133
9;3277
10;3094
11;3279
12;3275
13;3094
14;3277
15;3276
16;3095
17;3493
18;3277
19;3033
20;3185
21;3278
22;3093
23;3277
24;3276
25;3094
26;3278
27;3278
28;3095
29;3276
30;3276
31;3094
32;3274
33;3379
34;3093
35;3219
36;3280
37;3094
38;3278
39;3307
40;3096
41;3183
42;3276
43;3094
44;3276
45;3278
46;3094
47;3278
48;3277
49;3096
50;3246
51;3276
52;3094
53;3307
54;3276
55;3093
56;3307
57;3275
58;3095
59;3246
60;3276
61;3093
62;3307
63;3276
64;3094
65;3307
66;3278
67;3094
68;3247
69;3277
70;3092
71;3306
72;3278
73;4973
74;3339
75;3310
76;3341
77;3311
78;3364
79;3279
80;3312
81;3281
82;3280
83;3313
84;3312
85;3342
86;3310
87;3311
88;3280
89;3310
90;3280
91;3310
92;3279
93;3280
94;3185
95;3312
96;3313
97;3132
98;3279
99;3312
100;3317
101;3280
102;3280
103;3313
104;3279
105;3310
106;3281
107;3280
108;3310
109;3280
110;3310
111;3280
112;3279
113;3279
114;3310
115;3312
116;3278
117;3340
118;3311
119;3313
120;3065
121;3279
122;3278
123;3026
124;3311
125;3312
126;3250
127;3279
128;3311
129;3219
130;3311
131;3311
132;3310
133;3280
134;3279
135;3279
136;3310
137;3280
138;3338
139;3311
140;3311
141;3281
142;3279
143;3309
144;3340
145;3281
146;3309
147;3143
148;3280
149;3310
150;3312
151;3310
152;3312
153;3283
154;3312
155;3189
156;3278
157;3279
158;3341
159;3313
160;3309
161;3278
162;3279
163;3352
164;3281
165;3312
166;3311
167;3249
168;3369
169;3278
170;3215
171;3276
172;3277
173;3245
174;3278
175;3276
176;3217
177;3523
178;3126
179;3064
180;3278
181;3124
182;3246
183;3277
184;3125
185;3249
186;3309
187;3185
188;3186
189;3277
190;3125
191;3247
192;3279
193;3127
194;2911
195;3278
196;3276
197;3185
198;3278
199;3277
200;3247
201;3277
202;3277
203;3247
204;3277
205;3123
206;3248
207;3278
208;3125
209;3011
210;3279
211;3276
212;3218
213;3369
214;3275
215;3034
216;3080
217;3309
218;3215
219;3278
220;3277
221;3124
222;3311
223;3278
224;3247
225;3278
226;3123
227;3247
228;3277
229;3124
230;3126
231;3280
232;3278
233;3094
234;3277
235;3277
236;2926
237;3271
238;3277
239;3186
240;3277
241;3277
242;3310
243;3277
244;3276
245;3217
246;3279
247;3277
248;3064
249;3277
250;3124
251;3186
252;3280
253;3141
254;2880
255;3278
256;3277
257;3063
258;3366
259;3277
260;3185
261;3278
262;3280
263;2912
264;3279
265;3279
266;3125
267;3277
268;3277
269;3156
270;3295
271;3335
272;3187
273;3276
274;3277
275;3216
276;3278
277;3276
278;2943
279;3195
280;3277
281;2893
282;3246
283;3278
284;3066
285;3279
286;3277
287;3186
288;3278
289;3276
290;3002
291;3278
292;3278
293;3186
294;3277
295;3278
296;3063
297;3279
298;3277
299;3124
300;3279
301;3277
302;2863
303;3333
304;3276
305;3252
306;3278
307;3278
308;3124
309;3278
310;3277
311;2833
312;3278
313;3276
314;2796
315;3248
316;3277
317;3095
318;3278
319;3277
320;3096
321;3278
322;3277
323;3095
324;3277
325;3277
326;2941
327;3196
328;3276
329;3066
330;3279
331;3279
332;2990
333;3267
334;3280
335;3047
336;3206
337;3277
338;3033
339;3248
340;3278
341;3033
342;3309
343;3781
344;2975
345;3282
346;3279
347;3033
348;3309
349;3279
350;3280
351;3282
352;3310
353;3250
354;3282
355;3310
356;3250
357;3312
358;3279
359;3279
360;3279
361;3312
362;3263
363;3308
364;3308
365;3064
366;3278
367;3278
368;3004
369;3278
370;3308
371;3340
372;3277
373;3279
374;3280
375;3307
376;3278
377;2942
378;3279
379;3310
380;3249
381;3278
382;3279
383;3034
384;3278
385;3277
386;3309
387;3249
388;3279
389;3216
390;3309
391;3279
392;3217
393;3359
394;3277
395;3157
396;3308
397;3277
398;3249
399;3279
400;3278
401;3278
402;3277
403;3278
404;3247
405;3278
406;3279
407;3278
408;3278
409;3277
410;3248
411;3309
412;3308
413;3342
414;3279
415;3278
416;3146
417;3279
418;3264
419;3249
420;3278
421;3253
422;3159
423;3278
424;3257
425;3167
426;3307
427;3208
428;3145
429;3308
430;3256
431;3157
432;3277
433;3313
434;3249
435;3278
436;3280
437;3279
438;3356
439;3206
440;3271
441;3310
442;3096
443;3280
444;3279
445;3249
446;3280
447;3310
448;3281
449;3279
450;3280
451;3343
452;3311
453;3280
454;3281
455;3279
456;3310
457;3187
458;3280
459;3311
460;3341
461;3280
462;3281
463;3249
464;3279
465;3280
466;3004
467;3279
468;3279
469;2974
470;3279
471;3280
472;3218
473;3278
474;3279
475;3279
476;3279
477;3280
478;3279
479;3278
480;3279
481;3279
482;3281
483;3301
484;3279
485;3311
486;3310
487;3280
488;3310
489;3310
490;3249
491;3280
492;3310
493;3341
494;3280
495;3280
496;3254
497;3281
498;3269
499;3269
500;3310
501;3251
502;3257
503;3279
504;3341
505;3281
506;3312
507;3250
508;3279
509;3309
510;3097
511;3227
512;3279
513;3286
514;3278
515;3277
516;3154
517;3278
518;3278
519;3094
520;3277
521;3277
522;3002
523;3080
524;3278
525;3188
526;3277
527;3278
528;3116
529;3182
530;3275
531;3035
532;3278
533;3277
534;3004
535;3277
536;3278
537;3067
538;3280
539;3277
540;3127
541;3280
542;3279
543;3065
544;3279
545;3278
546;2991
547;3269
548;3277
549;3127
550;3131
551;3278
552;3277
553;3135
554;3310
555;3035
556;3308
557;3277
558;3095
559;3277
560;3276
561;3094
562;3246
563;3279
564;3033
565;3309
566;3275
567;3096
568;3308
569;3275
570;3033
571;3306
572;3279
573;3052
574;3276
575;3307
576;3034
577;3277
578;3310
579;3064
580;3279
581;3278
582;2849
583;3277
584;3278
585;3184
586;3278
587;3277
588;2943
589;3247
590;3276
591;3033
592;3278
593;3277
594;3127
595;3276
596;3278
597;3125
598;3277
599;3278
600;3093
601;3278
602;3277
603;3097
604;3278
605;3277
606;3125
607;3277
608;3277
609;3276
610;3276
611;3279
612;2880
613;3354
614;3276
615;3033
616;3278
617;3277
618;3425
619;3277
620;3094
621;3246
622;3277
623;3095
624;3184
625;3276
626;3120
627;3216
628;3276
629;3094
630;3276
631;3311
632;3093
633;3219
634;3277
635;2942
636;3245
637;3278
638;3126
639;3163
640;3277
641;3124
642;3247
643;3278
644;3125
645;3246
646;3279
647;3124
648;3247
649;3277
650;3123
651;3246
652;3277
653;3124
654;3216
655;3278
656;3126
657;3278
658;3277
659;3124
660;3278
661;3277
662;3126
663;3407
664;3309
665;3124
666;3187
667;3305
668;3123
669;3186
670;3276
671;3124
672;3311
673;3278
674;3121
675;3216
676;3276
677;3277
678;3245
679;3277
680;3126
681;3249
682;3280
683;3277
684;3195
685;3276
686;3124
687;3217
688;3279
689;3128
690;3186
691;3280
692;3125
693;3218
694;3277
695;3032
696;3277
697;3278
698;3125
699;3243
700;3277
701;3123
702;3278
703;3353
704;3093
705;3248
706;3308
707;3278
708;3232
709;3309
710;3123
711;3167
712;3279
713;3124
714;3309
715;3277
716;3124
717;3248
718;3276
719;3125
720;3219
721;3279
722;3125
723;3250
724;3278
725;3124
726;3217
727;3277
728;3280
729;3163
730;3278
731;3124
732;3279
733;3278
734;3125
735;3247
736;3278
737;3123
738;3246
739;3279
740;3124
741;3277
742;3279
743;3124
744;3218
745;3278
746;3276
747;3217
748;3279
749;3125
750;3199
751;3279
752;3124
753;3375
754;3277
755;3062
756;3277
757;3278
758;3124
759;3246
760;3279
761;3126
762;3280
763;3277
764;3124
765;3277
766;3279
767;3278
768;3164
769;3279
770;3125
771;3217
772;3277
773;3125
774;3247
775;3274
776;3185
777;3249
778;3278
779;3125
780;3277
781;3278
782;3127
783;3250
784;3278
785;3125
786;3277
787;3278
788;3124
789;3216
790;3277
791;3124
792;3218
793;3599
794;3258
795;3248
796;3279
797;3279
798;3321
799;3278
800;3094
801;3216
802;3277
803;3093
804;3310
805;3277
806;3094
807;3247
808;3277
809;3094
810;3249
811;3276
812;3096
813;3246
814;3277
815;2942
816;3246
817;3275
818;3124
819;3246
820;3277
821;3126
822;3246
823;3277
824;3125
825;3248
826;3277
827;3125
828;3277
829;3277
830;3277
831;3196
832;3280
833;3126
834;3279
835;3277
836;3124
837;3249
838;3279
839;3125
840;3247
841;3279
842;3125
843;3346
844;3278
845;3093
846;3248
847;3279
848;3127
849;3218
850;3278
851;3124
852;3247
853;3277
854;3125
855;3248
856;3280
857;3125
858;3308
859;3277
860;3123
861;3249
862;3278
863;3124
864;3248
865;3278
866;3124
867;3309
868;3277
869;3123
870;3246
871;3278
872;3125
873;3247
874;3278
875;3092
876;3187
877;3277
878;3124
879;3215
880;3278
881;3124
882;3246
883;4297
884;3033
885;3148
886;3276
887;3094
888;3312
889;3279
890;3032
891;3247
892;3276
893;3093
894;3310
895;3276
896;3094
897;3246
898;3307
899;3033
900;3246
901;3277
902;3095
903;3185
904;3277
905;3094
906;3215
907;3309
908;3095
909;3277
910;3276
911;3094
912;3246
913;3278
914;3094
915;3277
916;3309
917;3093
918;3307
919;3279
920;3091
921;3168
922;3279
923;3008
924;3216
925;3276
926;3093
927;3246
928;3277
929;3096
930;3246
931;3277
932;3095
933;3377
934;3277
935;2940
936;3278
937;3279
938;3095
939;3433
940;3276
941;3095
942;3247
943;3279
944;3094
945;3278
946;3274
947;3277
948;3184
949;3276
950;3094
951;3247
952;3279
953;3094
954;3248
955;3276
956;3095
957;3245
958;3277
959;3095
960;3341
961;3278
962;3095
963;3276
964;3278
965;3093
966;3310
967;3277
968;3093
969;3245
970;3278
971;3093
972;3308
973;6161
974;3237
975;3308
976;3124
977;3218
978;3376
979;3124
980;3216
981;3276
982;3125
983;3216
984;3279
985;3125
986;3217
987;3279
988;3261
989;3215
990;3276
991;3124
992;3099
993;3247
994;3260
995;2881
996;3278
997;3123
998;2956
999;3211
1000;3307
1001;3186
1002;3277
1003;3279
1004;3279
1005;3277
1006;3277
1007;2910
1008;3279
1009;3277
1010;2880
1011;3276
1012;3277
1013;3126
1014;3279
1015;3277
1016;2849
1017;3308
1018;3278
1019;2893
1020;3274
1021;3277
1022;2930
1023;5415
1024;3261
1025;3277
1026;3278
1027;3277
1028;3178
1029;3275
1030;3034
1031;3196
1032;3277
1033;3097
1034;3188
1035;3276
1036;3094
1037;3245
1038;3280
1039;3094
1040;3276
1041;3277
1042;3095
1043;3308
1044;3278
1045;3096
1046;3277
1047;3278
1048;3095
1049;3277
1050;3278
1051;3094
1052;3277
1053;3277
1054;3095
1055;3004
1056;3224
1057;3125
1058;3248
1059;3278
1060;3125
1061;3245
1062;3278
1063;4651
1064;3253
1065;3278
1066;3033
1067;3279
1068;3376
1069;2966
1070;3906
1071;3278
1072;2870
1073;3237
1074;3277
1075;3003
1076;3276
1077;3277
1078;2954
1079;3184
1080;3278
1081;3249
1082;3279
1083;3277
1084;3034
1085;3276
1086;3277
1087;2949
1088;3190
1089;3276
1090;3033
1091;3271
1092;3308
1093;3033
1094;3161
1095;3307
1096;3031
1097;3124
1098;3277
1099;3094
1100;3247
1101;3277
1102;3094
1103;3276
1104;3277
1105;3095
1106;3307
1107;3278
1108;3094
1109;3277
1110;3277
1111;3095
1112;3278
1113;5421
1114;2819
1115;3252
1116;3277
1117;3093
1118;3278
1119;3277
1120;3094
1121;3307
1122;3461
1123;3200
1124;3276
1125;3277
1126;2910
1127;3278
1128;3278
1129;2911
1130;3276
1131;3278
1132;3061
1133;3276
1134;3278
1135;2828
1136;3275
1137;3277
1138;3003
1139;3279
1140;3277
1141;3157
1142;3278
1143;3278
1144;2916
1145;3189
1146;3277
1147;2940
1148;3197
1149;3277
1150;2989
1151;3271
1152;3277
1153;5794
1154;3269
1155;3124
1156;3308
1157;3277
1158;3173
1159;3267
1160;3277
1161;3094
1162;3302
1163;3278
1164;3094
1165;3339
1166;3278
1167;3093
1168;3307
1169;3277
1170;3308
1171;3184
1172;3277
1173;3097
1174;3278
1175;3309
1176;3093
1177;3278
1178;3278
1179;3247
1180;3182
1181;3278
1182;3094
1183;3276
1184;3276
1185;3095
1186;3277
1187;3276
1188;3094
1189;3276
1190;3338
1191;3091
1192;3277
1193;3279
1194;3093
1195;3279
1196;3279
1197;3095
1198;3277
1199;3277
1200;3094
1201;3307
1202;3277
1203;4840
1204;3277
1205;3276
1206;2810
1207;3277
1208;3308
1209;3094
1210;3276
1211;3278
1212;3002
1213;3278
1214;3277
1215;2962
1216;3266
1217;3276
1218;3017
1219;3182
1220;3276
1221;2948
1222;3221
1223;3277
1224;3159
1225;3281
1226;3277
1227;3279
1228;3280
1229;3276
1230;2971
1231;3248
1232;3307
1233;3011
1234;3187
1235;3277
1236;3138
1237;3153
1238;3277
1239;3032
1240;3249
1241;3277
1242;3094
1243;4909
1244;3305
1245;2971
1246;3277
1247;3279
1248;3100
1249;3279
1250;3278
1251;2974
1252;3277
1253;3277
1254;3155
1255;3277
1256;3276
1257;3033
1258;3276
1259;3277
1260;3126
1261;3276
1262;3277
1263;3155
1264;3277
1265;3278
1266;2942
1267;3278
1268;3277
1269;3187
1270;3277
1271;3277
1272;2893
1273;3276
1274;3277
1275;3034
1276;3246
1277;3279
1278;2986
1279;3245
1280;3277
1281;2938
1282;3199
1283;3277
1284;3245
1285;3200
1286;3278
1287;3217
1288;3280
1289;3276
1290;2961
1291;3208
1292;3277
1293;3162
1294;3185
1295;3281
1296;3077
1297;3183
1298;3278
1299;3265
1300;3278
1301;3276
1302;3074
1303;3123
1304;3276
1305;3030
1306;3309
1307;3309
1308;3034
1309;3277
1310;3277
1311;3095
1312;3277
1313;3277
1314;3094
1315;3246
1316;3277
1317;3033
1318;3307
1319;3309
1320;3094
1321;3339
1322;3277
1323;3034
1324;3308
1325;3276
1326;3093
1327;3309
1328;3277
1329;3093
1330;3308
1331;3279
1332;3033
1333;6925
1334;3262
1335;3147
1336;3277
1337;3279
1338;3959
1339;3251
1340;3004
1341;3278
1342;3279
1343;2953
1344;3186
1345;3278
1346;3126
1347;3280
1348;3279
1349;3067
1350;3248
1351;3275
1352;2990
1353;3301
1354;3276
1355;3004
1356;3266
1357;3277
1358;3033
1359;3183
1360;3277
1361;3093
1362;3308
1363;3276
1364;3093
1365;3308
1366;3277
1367;3094
1368;3279
1369;3277
1370;3095
1371;3309
1372;3277
1373;3095
1374;3276
1375;3276
1376;3186
1377;3195
1378;3278
1379;3096
1380;3247
1381;3306
1382;3032
1383;3228
1384;3276
1385;3096
1386;3277
1387;3277
1388;3094
1389;3187
1390;3277
1391;3095
1392;3276
1393;3277
1394;3095
1395;3277
1396;3278
1397;3094
1398;3276
1399;3280
1400;2972
1401;3339
1402;3278
1403;3309
1404;3187
1405;3276
1406;3095
1407;3277
1408;3278
1409;3094
1410;3247
1411;3278
1412;3095
1413;3277
1414;3279
1415;3066
1416;3308
1417;3278
1418;3096
1419;3309
1420;3277
1421;3095
1422;3309
1423;5612
1424;2910
1425;3194
1426;3278
1427;2862
1428;3167
1429;3278
1430;3218
1431;3278
1432;3308
1433;2833
1434;3272
1435;3279
1436;2954
1437;3151
1438;3276
1439;2944
1440;3192
1441;3275
1442;3028
1443;3201
1444;3340
1445;3069
1446;3129
1447;3276
1448;3094
1449;3340
1450;3278
1451;3032
1452;3308
1453;3276
1454;3199
1455;3178
1456;3276
1457;3094
1458;3307
1459;3278
1460;3034
1461;3277
1462;3277
1463;2935
1464;3185
1465;3277
1466;3094
1467;3277
1468;3279
1469;3095
1470;3278
1471;3276
1472;3095
1473;3318
1474;3278
1475;3033
1476;3256
1477;3278
1478;3096
1479;3308
1480;3276
1481;3095
1482;3246
1483;3278
1484;3093
1485;3307
1486;3279
1487;3126
1488;3277
1489;3277
1490;3096
1491;3307
1492;3276
1493;3094
1494;3557
1495;3278
1496;3093
1497;3308
1498;3277
1499;3094
1500;3341
1501;3276
1502;3155
1503;3338
1504;3277
1505;3093
1506;3278
1507;3278
1508;3034
1509;3246
1510;3278
1511;3095
1512;3278
1513;6908
1514;3258
1515;3278
1516;3082
1517;3149
1518;3289
1519;3033
1520;3303
1521;3278
1522;3035
1523;3164
1524;3277
1525;3096
1526;3185
1527;3277
1528;3093
1529;3276
1530;3277
1531;3094
1532;3278
1533;3276
1534;3095
1535;3217
1536;3279
1537;3093
1538;3276
1539;3278
1540;3097
1541;3308
1542;3277
1543;3096
1544;3277
1545;3276
1546;3094
1547;3307
1548;3277
1549;3094
1550;3277
1551;3281
1552;3094
1553;3369
1554;3276
1555;3125
1556;3276
1557;3277
1558;3096
1559;3278
1560;3276
1561;3126
1562;3277
1563;3348
1564;3308
1565;3187
1566;3277
1567;3095
1568;3338
1569;3277
1570;3032
1571;3135
1572;3276
1573;3093
1574;3247
1575;3278
1576;3093
1577;3307
1578;3278
1579;3095
1580;3247
1581;3278
1582;3094
1583;3307
1584;3277
1585;3093
1586;3276
1587;3278
1588;3094
1589;3308
1590;3277
1591;3094
1592;3307
1593;3277
1594;3094
1595;3277
1596;3277
1597;3093
1598;3308
1599;3277
1600;3095
1601;3306
1602;3277
1603;5979
1604;3245
1605;3127
1606;3248
1607;3278
1608;3169
1609;3258
1610;3278
1611;3125
1612;3308
1613;3277
1614;3125
1615;3246
1616;3277
1617;3124
1618;3278
1619;3277
1620;3125
1621;3246
1622;3247
1623;3124
1624;3278
1625;3278
1626;3126
1627;3164
1628;3278
1629;3124
1630;3276
1631;3279
1632;3124
1633;3093
1634;3278
1635;3124
1636;2935
1637;3230
1638;3277
1639;2910
1640;3277
1641;3274
1642;2849
1643;3276
1644;3277
1645;2943
1646;3280
1647;3276
1648;3033
1649;3248
1650;3279
1651;2885
1652;3193
1653;3349
1654;3307
1655;3277
1656;3276
1657;3095
1658;3280
1659;3277
1660;3083
1661;3202
1662;3277
1663;3034
1664;3278
1665;3278
1666;2958
1667;3182
1668;3276
1669;3279
1670;3278
1671;3277
1672;2951
1673;3187
1674;3277
1675;3077
1676;3279
1677;3278
1678;3106
1679;3279
1680;3277
1681;3074
1682;3335
1683;3280
1684;3309
1685;3279
1686;3295
1687;3136
1688;3230
1689;3290
1690;2955
1691;3335
1692;3289
1693;6996
1694;3253
1695;3200
1696;3292
1697;3258
1698;3116
1699;3314
1700;3289
1701;3045
1702;3290
1703;3289
1704;3045
1705;3288
1706;3290
1707;2896
1708;3209
1709;3289
1710;3001
1711;3196
1712;3288
1713;2961
1714;3236
1715;3289
1716;3075
1717;3305
1718;3288
1719;3088
1720;3293
1721;3291
1722;3044
1723;3190
1724;3289
1725;3045
1726;3349
1727;3290
1728;3103
1729;3310
1730;3289
1731;3096
1732;3284
1733;3289
1734;3044
1735;3280
1736;3290
1737;3154
1738;3320
1739;3289
1740;3162
1741;3290
1742;3288
1743;3242
1744;3291
1745;3290
1746;3016
1747;3291
1748;3289
1749;3004
1750;3193
1751;3289
1752;3097
1753;3330
1754;3289
1755;3081
1756;3147
1757;3288
1758;3044
1759;3350
1760;3288
1761;3105
1762;3186
1763;3289
1764;3105
1765;3352
1766;3290
1767;3045
1768;3265
1769;3288
1770;3046
1771;3288
1772;3289
1773;3044
1774;3086
1775;3289
1776;3105
1777;3227
1778;3289
1779;3105
1780;3288
1781;3289
1782;3105
1783;6635
1784;3106
1785;3228
1786;3289
1787;3105
1788;3299
1789;3290
1790;3106
1791;3227
1792;3291
1793;3105
1794;3230
1795;3291
1796;3105
1797;3258
1798;3288
1799;3105
1800;3259
1801;3289
1802;3106
1803;3257
1804;3288
1805;3105
1806;3258
1807;3290
1808;3107
1809;3289
1810;3290
1811;3105
1812;3197
1813;3289
1814;3105
1815;3350
1816;3289
1817;3105
1818;3165
1819;3289
1820;3105
1821;3259
1822;3290
1823;3106
1824;3256
1825;3290
1826;3105
1827;3259
1828;3290
1829;3105
1830;3258
1831;3289
1832;3103
1833;3295
1834;3228
1835;3106
1836;3260
1837;3290
1838;3323
1839;3166
1840;3290
1841;3107
1842;3259
1843;3290
1844;3290
1845;3237
1846;3289
1847;3045
1848;3258
1849;3288
1850;3044
1851;3147
1852;3288
1853;3105
1854;3258
1855;3291
1856;3106
1857;3258
1858;3288
1859;3107
1860;3258
1861;3291
1862;3105
1863;3259
1864;3290
1865;3105
1866;3257
1867;3289
1868;3106
1869;3258
1870;3290
1871;3105
1872;3290
1873;4067
1874;2956
1875;3208
1876;3289
1877;3088
1878;3213
1879;3290
1880;3045
1881;3151
1882;3288
1883;3047
1884;3258
1885;3290
1886;3044
1887;3147
1888;3288
1889;3106
1890;3229
1891;3288
1892;3106
1893;3258
1894;3289
1895;3105
1896;3288
1897;3289
1898;3105
1899;3229
1900;3289
1901;3107
1902;3290
1903;3288
1904;3107
1905;3225
1906;3290
1907;3104
1908;3258
1909;3290
1910;3105
1911;3259
1912;3290
1913;3106
1914;3258
1915;3289
1916;3106
1917;3258
1918;3290
1919;3105
1920;3258
1921;3289
1922;3105
1923;5192
1924;3321
1925;3168
1926;3289
1927;3288
1928;3199
1929;3290
1930;3289
1931;3012
1932;3289
1933;3289
1934;2924
1935;3258
1936;3290
1937;3319
1938;3289
1939;3288
1940;2922
1941;3290
1942;3288
1943;3229
1944;3288
1945;3289
1946;3197
1947;3289
1948;3290
1949;3258
1950;3290
1951;3196
1952;3288
1953;3289
1954;3101
1955;3289
1956;3278
1957;3129
1958;3250
1959;3279
1960;3129
1961;3218
1962;3281
1963;3135
1964;3188
1965;3280
1966;3127
1967;2883
1968;3321
1969;3279
1970;2884
1971;3281
1972;3281
1973;2974
1974;3249
1975;3279
1976;2852
1977;3280
1978;3281
1979;2839
1980;3278
1981;3279
1982;3005
1983;3228
1984;3280
1985;3189
1986;3278
1987;3277
1988;2927
1989;3177
1990;3278
1991;2946
1992;3192
1993;3277
1994;3219
1995;3279
1996;3277
1997;2999
1998;3200
1999;3277
2000;3032
2001;3214
2002;3276
2003;3094
2004;3220
2005;3277
2006;3063
2007;3246
2008;3277
2009;3094
2010;3246
2011;3276
2012;3095
2013;3155
2014;3337
2015;6071
2016;3247
2017;3080
2018;3248
2019;3278
2020;3124
2021;3218
2022;3277
2023;3126
2024;3277
2025;3349
2026;3095
2027;3247
2028;3277
2029;3094
2030;3277
2031;3278
2032;3156
2033;3247
2034;3278
2035;3124
2036;3246
2037;3277
2038;3091
2039;3278
2040;3278
2041;3125
2042;3277
2043;3280
2044;3125
2045;3247
2046;3279
2047;3126
2048;3279
2049;3278
2050;3589
2051;3250
2052;3342
2053;4457
2054;3263
2055;3278
2056;3125
2057;3226
2058;3988
2059;3186
2060;3277
2061;3278
2062;2880
2063;3246
2064;3276
2065;3003
2066;3277
2067;3276
2068;2850
2069;3278
2070;3276
2071;2944
2072;3345
2073;3278
2074;3124
2075;3311
2076;3277
2077;2926
2078;3277
2079;3278
2080;3033
2081;3280
2082;3280
2083;3032
2084;3342
2085;3310
2086;3125
2087;3277
2088;3372
2089;3247
2090;3223
2091;3279
2092;3186
2093;3224
2094;3277
2095;2799
2096;3246
2097;3276
2098;3002
2099;3278
2100;3279
2101;2942
2102;3196
2103;3228
2104;3294
2105;3278
2106;3278
2107;3033
2108;3281
2109;3277
2110;3003
2111;3279
2112;3281
2113;3065
2114;3312
2115;3279
2116;3068
2117;3310
2118;3345
2119;2976
2120;3224
2121;3280
2122;3070
2123;3129
2124;3277
2125;3033
2126;3227
2127;3276
2128;3033
2129;3340
2130;3278
2131;3033
2132;3187
2133;3277
2134;3138
2135;3247
2136;3274
2137;3095
2138;3277
2139;3276
2140;3095
2141;3279
2142;3280
2143;6242
2144;3312
2145;3293
2146;3246
2147;3277
2148;5254
2149;3228
2150;3278
2151;2942
2152;3247
2153;3277
2154;3094
2155;3277
2156;3276
2157;3093
2158;3276
2159;3278
2160;3125
2161;3310
2162;3278
2163;2850
2164;3277
2165;3277
2166;3068
2167;3248
2168;3276
2169;3125
2170;3288
2171;3278
2172;3216
2173;3277
2174;3340
2175;2881
2176;3286
2177;3279
2178;2849
2179;3227
2180;3278
2181;3094
2182;3279
2183;3276
2184;3094
2185;3339
2186;3277
2187;3033
2188;3276
2189;3277
2190;2963
2191;3204
2192;3278
2193;3009
2194;3372
2195;3279
2196;3069
2197;3194
2198;3278
2199;3081
2200;3150
2201;3278
2202;3094
2203;3282
2204;3277
2205;3034
2206;3195
2207;3279
2208;3034
2209;3186
2210;3302
2211;3308
2212;3366
2213;3278
2214;3033
2215;3224
2216;3278
2217;3033
2218;3166
2219;3276
2220;3095
2221;3246
2222;3279
2223;3094
2224;3309
2225;3279
2226;3066
2227;3279
2228;3275
2229;3093
2230;3308
2231;3277
2232;3094
2233;5734
2234;3309
2235;3096
2236;3277
2237;3278
2238;3126
2239;3367
2240;3308
2241;3063
2242;3278
2243;3128
2244;3309
2245;3246
2246;3123
2247;3128
2248;3276
2249;3275
2250;3036
2251;3283
2252;3277
2253;2893
2254;3183
2255;3276
2256;3308
2257;3308
2258;3277
2259;3279
2260;3279
2261;3278
2262;2880
2263;3278
2264;3277
2265;3157
2266;3275
2267;3278
2268;3049
2269;3179
2270;3278
2271;3003
2272;3279
2273;3309
2274;2941
2275;3278
2276;3277
2277;2800
2278;3277
2279;3277
2280;3097
2281;3277
2282;3277
2283;2801
2284;3366
2285;3279
2286;2905
2287;3277
2288;3276
2289;2937
2290;3200
2291;3277
2292;3308
2293;3280
2294;3277
2295;3034
2296;3279
2297;3277
2298;2945
2299;3192
2300;3277
2301;3104
2302;3279
2303;3278
2304;3033
2305;3146
2306;3277
2307;3202
2308;3243
2309;3276
2310;3274
2311;3136
2312;3276
2313;3033
2314;3187
2315;3277
2316;3094
2317;3246
2318;3277
2319;3094
2320;3246
2321;3278
2322;3092
2323;7382
2324;3036
2325;3248
2326;3277
2327;2992
2328;3268
2329;3367
2330;3013
2331;3125
2332;3278
2333;3035
2334;3339
2335;3278
2336;3032
2337;3281
2338;3277
2339;3033
2340;3196
2341;3278
2342;3094
2343;3247
2344;3279
2345;3095
2346;3276
2347;3277
2348;3094
2349;3307
2350;3276
2351;3093
2352;3276
2353;3279
2354;3093
2355;3277
2356;3276
2357;3277
2358;3134
2359;3278
2360;3094
2361;3277
2362;3275
2363;3094
2364;3278
2365;3278
2366;3093
2367;3279
2368;3277
2369;3096
2370;3339
2371;3277
2372;3309
2373;3309
2374;3431
2375;3064
2376;3339
2377;3278
2378;3094
2379;3212
2380;3277
2381;3032
2382;3245
2383;3277
2384;3033
2385;3337
2386;3279
2387;3035
2388;3338
2389;3276
2390;3094
2391;3309
2392;3277
2393;3034
2394;3164
2395;3278
2396;3094
2397;3279
2398;3278
2399;3095
2400;3278
2401;3278
2402;3094
2403;3278
2404;3278
2405;3095
2406;3278
2407;3277
2408;3094
2409;3247
2410;3278
2411;3094
2412;3307
2413;6375
2414;3237
2415;3277
2416;3124
2417;3244
2418;3278
2419;3317
2420;3276
2421;3277
2422;3094
2423;3276
2424;3278
2425;3097
2426;3309
2427;3276
2428;3096
2429;3307
2430;3277
2431;3094
2432;3278
2433;3278
2434;3155
2435;3278
2436;3278
2437;3096
2438;3246
2439;3277
2440;3094
2441;3370
2442;3277
2443;3094
2444;3308
2445;3276
2446;3094
2447;3278
2448;3278
2449;3093
2450;3278
2451;3277
2452;3094
2453;3246
2454;3278
2455;3094
2456;3308
2457;3276
2458;3094
2459;3276
2460;3277
2461;3094
2462;3307
2463;3277
2464;3306
2465;3188
2466;3278
2467;3094
2468;3276
2469;3276
2470;3308
2471;3156
2472;3277
2473;3093
2474;3186
2475;3276
2476;3094
2477;3246
2478;3278
2479;3095
2480;3248
2481;3274
2482;3093
2483;3308
2484;3277
2485;3093
2486;3308
2487;3277
2488;3263
2489;3187
2490;3277
2491;3248
2492;3154
2493;3279
2494;3002
2495;3277
2496;3277
2497;3093
2498;3310
2499;3308
2500;3094
2501;3276
2502;3277
2503;5188
2504;3333
2505;3277
2506;3232
2507;3277
2508;3276
2509;2956
2510;3309
2511;3308
2512;3185
2513;3277
2514;3277
2515;2911
2516;3195
2517;3279
2518;3096
2519;3309
2520;3277
2521;3124
2522;3278
2523;3280
2524;2819
2525;3277
2526;3277
2527;2874
2528;3276
2529;3277
2530;2943
2531;3227
2532;3277
2533;3003
2534;3249
2535;3280
2536;2940
2537;3197
2538;3276
2539;2988
2540;3273
2541;3276
2542;3032
2543;3278
2544;3277
2545;3032
2546;3185
2547;3276
2548;3032
2549;3165
2550;3277
2551;3093
2552;3185
2553;3276
2554;3355
2555;3247
2556;3338
2557;3094
2558;3249
2559;3277
2560;3032
2561;3136
2562;3277
2563;3094
2564;3278
2565;3307
2566;3093
2567;3277
2568;3277
2569;3125
2570;3276
2571;3276
2572;3095
2573;3277
2574;3277
2575;3094
2576;3277
2577;3278
2578;3095
2579;3278
2580;3276
2581;3307
2582;3250
2583;4785
2584;3036
2585;3247
2586;3278
2587;3125
2588;3278
2589;3277
2590;2849
2591;3276
2592;3277
2593;5460
2594;3277
2595;3071
2596;3250
2597;3277
2598;3033
2599;3397
2600;3283
2601;3248
2602;3281
2603;3343
2604;3314
2605;3278
2606;3278
2607;3186
2608;3277
2609;3277
2610;2925
2611;3243
2612;3278
2613;2940
2614;3284
2615;3278
2616;3495
2617;3279
2618;3277
2619;3338
2620;3274
2621;3276
2622;3126
2623;3274
2624;3276
2625;3126
2626;3277
2627;3277
2628;3094
2629;3277
2630;3277
2631;3124
2632;3278
2633;3313
2634;2962
2635;3280
2636;3276
2637;3214
2638;3278
2639;3277
2640;2812
2641;3233
2642;3278
2643;3096
2644;3336
2645;3278
2646;3069
2647;3187
2648;3279
2649;2939
2650;3197
2651;3276
2652;2990
2653;3272
2654;3277
2655;3031
2656;3270
2657;3276
2658;3033
2659;3196
2660;3280
2661;3033
2662;3135
2663;3277
2664;3094
2665;3277
2666;3279
2667;3093
2668;3277
2669;3277
2670;3095
2671;3277
2672;3276
2673;3094
2674;2911
2675;3278
2676;3125
2677;3185
2678;3278
2679;3277
2680;3166
2681;3277
2682;3278
2683;5563
2684;3278
2685;2941
2686;3277
2687;3277
2688;2805
2689;3307
2690;3277
2691;2796
2692;3249
2693;3618
2694;2972
2695;3279
2696;3524
2697;2845
2698;3307
2699;3278
2700;2942
2701;3225
2702;3277
2703;3004
2704;3279
2705;3277
2706;3004
2707;3197
2708;3279
2709;2988
2710;3179
2711;3275
2712;3032
2713;3272
2714;3279
2715;3033
2716;3196
2717;3278
2718;3030
2719;3133
2720;3277
2721;3095
2722;3278
2723;3278
2724;3094
2725;3276
2726;3278
2727;3094
2728;3279
2729;3276
2730;3096
2731;3277
2732;3277
2733;3631
2734;3301
2735;3277
2736;3017
2737;3151
2738;3277
2739;3035
2740;3317
2741;3308
2742;3033
2743;3187
2744;3276
2745;3093
2746;3307
2747;3278
2748;3279
2749;3338
2750;3274
2751;3267
2752;3267
2753;3276
2754;3032
2755;3270
2756;3278
2757;3095
2758;3271
2759;3279
2760;3033
2761;3182
2762;3277
2763;3033
2764;3183
2765;3277
2766;3093
2767;3279
2768;3279
2769;3094
2770;3186
2771;3278
2772;3093
2773;7381
2774;3096
2775;3247
2776;3278
2777;3002
2778;3187
2779;3349
2780;3076
2781;3184
2782;3275
2783;3033
2784;3187
2785;3276
2786;3063
2787;3186
2788;3277
2789;3095
2790;3338
2791;3341
2792;3186
2793;3325
2794;3277
2795;3094
2796;3277
2797;3278
2798;3032
2799;3190
2800;3312
2801;3035
2802;3337
2803;3278
2804;3033
2805;3277
2806;3278
2807;3032
2808;3196
2809;3276
2810;3094
2811;3185
2812;3277
2813;3274
2814;3153
2815;3276
2816;3094
2817;3245
2818;3278
2819;3093
2820;3308
2821;3278
2822;3094
2823;3248
2824;3388
2825;3095
2826;3277
2827;3279
2828;3125
2829;3277
2830;3277
2831;2850
2832;3276
2833;3279
2834;3402
2835;3277
2836;3308
2837;3278
2838;3277
2839;3277
2840;3306
2841;3277
2842;3276
2843;2910
2844;3246
2845;3278
2846;2850
2847;3276
2848;3277
2849;3126
2850;3278
2851;3278
2852;3126
2853;3279
2854;3280
2855;2850
2856;3277
2857;3278
2858;2941
2859;3278
2860;3279
2861;3125
2862;3276
2863;4479
2864;3212
2865;3277
2866;3125
2867;3217
2868;3276
2869;3295
2870;3280
2871;3278
2872;3097
2873;3214
2874;3277
2875;3124
2876;3279
2877;3277
2878;3127
2879;3094
2880;3277
2881;3125
2882;3248
2883;3277
2884;3125
2885;3215
2886;3277
2887;3081
2888;2850
2889;3247
2890;3277
2891;3307
2892;3278
2893;3277
2894;3275
2895;3277
2896;3123
2897;2786
2898;3200
2899;3277
2900;2972
2901;3247
2902;3276
2903;2793
2904;3276
2905;3309
2906;2912
2907;3226
2908;3277
2909;3006
2910;3190
2911;3308
2912;2973
2913;3248
2914;3317
2915;3247
2916;3280
2917;3277
2918;3250
2919;3339
2920;3276
2921;3281
2922;3277
2923;3278
2924;3094
2925;3277
2926;3277
2927;3095
2928;3278
2929;3278
2930;3125
2931;3277
2932;3278
2933;3124
2934;3279
2935;3278
2936;2881
2937;3278
2938;3279
2939;2942
2940;3224
2941;3277
2942;3034
2943;3280
2944;3277
2945;2940
2946;3199
2947;3277
2948;3078
2949;3152
2950;3277
2951;3032
2952;3308
2953;7870
2954;3277
2955;3279
2956;3030
2957;3278
2958;3277
2959;2955
2960;3278
2961;3278
2962;3154
2963;3277
2964;3279
2965;2925
2966;3241
2967;3276
2968;3034
2969;3246
2970;3276
2971;3002
2972;3281
2973;3278
2974;3070
2975;3278
2976;3277
2977;3186
2978;3278
2979;3279
2980;3083
2981;3237
2982;3278
2983;3003
2984;3279
2985;3279
2986;2951
2987;3186
2988;3277
2989;3248
2990;3280
2991;3277
2992;3003
2993;3341
2994;3278
2995;3280
2996;3278
2997;3278
2998;3093
2999;3278
3000;3276
3001;2949
3002;3189
3003;3277
3004;3406
3005;3278
3006;3278
3007;3095
3008;3278
3009;3276
3010;2950
3011;3279
3012;3277
3013;3033
3014;3280
3015;3278
3016;2948
3017;3190
3018;3276
3019;3033
3020;3271
3021;3278
3022;3266
3023;3178
3024;3280
3025;3093
3026;3301
3027;3279
3028;3033
3029;3197
3030;3275
3031;3033
3032;3216
3033;3278
3034;3038
3035;3278
3036;3277
3037;3094
3038;3276
3039;3309
3040;3094
3041;3277
3042;3278
3043;6754
3044;3285
3045;3033
3046;3308
3047;3278
3048;3035
3049;3256
3050;3277
3051;3156
3052;3277
3053;3278
3054;3124
3055;3277
3056;3279
3057;3067
3058;3277
3059;3278
3060;3031
3061;3277
3062;3277
3063;3094
3064;3278
3065;3277
3066;3094
3067;3308
3068;3277
3069;3094
3070;3277
3071;3276
3072;2795
3073;3277
3074;3279
3075;2945
3076;3224
3077;3276
3078;3009
3079;3190
3080;3276
3081;2942
3082;3198
3083;3278
3084;3128
3085;3248
3086;3277
3087;3159
3088;3280
3089;3277
3090;3065
3091;3194
3092;3279
3093;3103
3094;3312
3095;3277
3096;3080
3097;3150
3098;3277
3099;3032
3100;3308
3101;3278
3102;3033
3103;3246
3104;3276
3105;3033
3106;3307
3107;3277
3108;3094
3109;3308
3110;3278
3111;3094
3112;3308
3113;3277
3114;3033
3115;3307
3116;3246
3117;3095
3118;3186
3119;3308
3120;3094
3121;3276
3122;3277
3123;3095
3124;3308
3125;3278
3126;3096
3127;3309
3128;3277
3129;3093
3130;3215
3131;3277
3132;3096
3133;5794
3134;3150
3135;2910
3136;3277
3137;3276
3138;3187
3139;3345
3140;3276
3141;2981
3142;3242
3143;3277
3144;2851
3145;3277
3146;3277
3147;3123
3148;3277
3149;3277
3150;2818
3151;3277
3152;3278
3153;3125
3154;3278
3155;3277
3156;2895
3157;3278
3158;3278
3159;2875
3160;3230
3161;3277
3162;3095
3163;3278
3164;3277
3165;3092
3166;3279
3167;3277
3168;2942
3169;3195
3170;3277
3171;3019
3172;3181
3173;3278
3174;3259
3175;3246
3176;3276
3177;3107
3178;3309
3179;3277
3180;3025
3181;3143
3182;3276
3183;3033
3184;3376
3185;3276
3186;3096
3187;3133
3188;3308
3189;3033
3190;3155
3191;3277
3192;3261
3193;3246
3194;3277
3195;3063
3196;3308
3197;3280
3198;3093
3199;3310
3200;3277
3201;3246
3202;3339
3203;3277
3204;3033
3205;3307
3206;3277
3207;3092
3208;3308
3209;3279
3210;3033
3211;3307
3212;3277
3213;3034
3214;3162
3215;3276
3216;3096
3217;3186
3218;3278
3219;3095
3220;3278
3221;3276
3222;3095
3223;7381
3224;2982
3225;3181
3226;3277
3227;3262
3228;3274
3229;3346
3230;3070
3231;3127
3232;3277
3233;3032
3234;3310
3235;3276
3236;3034
3237;3246
3238;3278
3239;3030
3240;3195
3241;3279
3242;3092
3243;3278
3244;3312
3245;3093
3246;3248
3247;3279
3248;3093
3249;3277
3250;3277
3251;3094
3252;3213
3253;3277
3254;3094
3255;3246
3256;3308
3257;3094
3258;3248
3259;3277
3260;3094
3261;3307
3262;3278
3263;3095
3264;3309
3265;3277
3266;3095
3267;3307
3268;3278
3269;3095
3270;3275
3271;3275
3272;3093
3273;3309
3274;3376
3275;3094
3276;3278
3277;3279
3278;3095
3279;3215
3280;3277
3281;3094
3282;3276
3283;3279
3284;3094
3285;3246
3286;3278
3287;3095
3288;3338
3289;3278
3290;3094
3291;3368
3292;3277
3293;3296
3294;3339
3295;3277
3296;3032
3297;3197
3298;3279
3299;3093
3300;3274
3301;3277
3302;3278
3303;3133
3304;3279
3305;3093
3306;3246
3307;3308
3308;3094
3309;3278
3310;3278
3311;3095
3312;3278
3313;6009
3314;3328
3315;3277
3316;3125
3317;3276
3318;3278
3319;3222
3320;3250
3321;3278
3322;3125
3323;3244
3324;3278
3325;3127
3326;3279
3327;3277
3328;3124
3329;3196
3330;3278
3331;3124
3332;3276
3333;3278
3334;3261
3335;3215
3336;3280
3337;3126
3338;3246
3339;3279
3340;3125
3341;3248
3342;3277
3343;3277
3344;3164
3345;3279
3346;3126
3347;3278
3348;3277
3349;3125
3350;3245
3351;3277
3352;3124
3353;3277
3354;3278
3355;3126
3356;3247
3357;3278
3358;3124
3359;3277
3360;3274
3361;3125
3362;3277
3363;3279
3364;3328
3365;3298
3366;3278
3367;3260
3368;3307
3369;3277
3370;3093
3371;3278
3372;3278
3373;3094
3374;3278
3375;3276
3376;3095
3377;3337
3378;3277
3379;3094
3380;3339
3381;3278
3382;3094
3383;3278
3384;3278
3385;3095
3386;3277
3387;3278
3388;3261
3389;3183
3390;3279
3391;3279
3392;3135
3393;3277
3394;3278
3395;3155
3396;3278
3397;3094
3398;3277
3399;3278
3400;3260
3401;3309
3402;3276
3403;4239
3404;3277
3405;3277
3406;3218
3407;3277
3408;3277
3409;3346
3410;3248
3411;3276
3412;2942
3413;3277
3414;3281
3415;2976
3416;3310
3417;3277
3418;2863
3419;3242
3420;3276
3421;3003
3422;3278
3423;3309
3424;3097
3425;3310
3426;3277
3427;3035
3428;3246
3429;3279
3430;2938
3431;3200
3432;3277
3433;2991
3434;3239
3435;3276
3436;3033
3437;3135
3438;3277
3439;3032
3440;3308
3441;3277
3442;3032
3443;3310
3444;3277
3445;3309
3446;3194
3447;3277
3448;3032
3449;3136
3450;3277
3451;3094
3452;3276
3453;3279
3454;3284
3455;3307
3456;3277
3457;3094
3458;3308
3459;3308
3460;3093
3461;3157
3462;3277
3463;3094
3464;3185
3465;3277
3466;3094
3467;3276
3468;3307
3469;3094
3470;3309
3471;3276
3472;3095
3473;3277
3474;3277
3475;3094
3476;3276
3477;3277
3478;3093
3479;3274
3480;3278
3481;3096
3482;3310
3483;3278
3484;3260
3485;3218
3486;3277
3487;3097
3488;3185
3489;3277
3490;3097
3491;3279
3492;3277
3493;6311
3494;3271
3495;3125
3496;3246
3497;3278
3498;3125
3499;3314
3500;3277
3501;3093
3502;3310
3503;3280
3504;3094
3505;3307
3506;3276
3507;3094
3508;3277
3509;3278
3510;3094
3511;3339
3512;3278
3513;3092
3514;3310
3515;3277
3516;3094
3517;3307
3518;3277
3519;3093
3520;3309
3521;3277
3522;3093
3523;3307
3524;3277
3525;3094
3526;3307
3527;3277
3528;3094
3529;3277
3530;3276
3531;3096
3532;3307
3533;3277
3534;3094
3535;3308
3536;3278
3537;3094
3538;3277
3539;3278
3540;3094
3541;3309
3542;3278
3543;3093
3544;3438
3545;3277
3546;3094
3547;3308
3548;3276
3549;3280
3550;3163
3551;3276
3552;3094
3553;3247
3554;3308
3555;3278
3556;3164
3557;3277
3558;3094
3559;3246
3560;3278
3561;3095
3562;3310
3563;3276
3564;3094
3565;3277
3566;3277
3567;3094
3568;3277
3569;3276
3570;3094
3571;3310
3572;3277
3573;3088
3574;3277
3575;3277
3576;3094
3577;3277
3578;3277
3579;3093
3580;3157
3581;3276
3582;3097
3583;5366
3584;3307
3585;2942
3586;3277
3587;3277
3588;2807
3589;3344
3590;3277
3591;3186
3592;3278
3593;3278
3594;2840
3595;3277
3596;3277
3597;3032
3598;3278
3599;3278
3600;3127
3601;3224
3602;3277
3603;2974
3604;3249
3605;3309
3606;3218
3607;3278
3608;3277
3609;3185
3610;3278
3611;3278
3612;3090
3613;3278
3614;3277
3615;3090
3616;3278
3617;3276
3618;3090
3619;3200
3620;3277
3621;3095
3622;3278
3623;3280
3624;3095
3625;3307
3626;3279
3627;3095
3628;3309
3629;3277
3630;3248
3631;3278
3632;3277
3633;3124
3634;4231
3635;3279
3636;3277
3637;3278
3638;3277
3639;2911
3640;3277
3641;3276
3642;3124
3643;3277
3644;3279
3645;2941
3646;3276
3647;3277
3648;2972
3649;3278
3650;3278
3651;2850
3652;3277
3653;3274
3654;2839
3655;3277
3656;3276
3657;2956
3658;3214
3659;3277
3660;2938
3661;3294
3662;3277
3663;2949
3664;3189
3665;3276
3666;3070
3667;3129
3668;3279
3669;3033
3670;3247
3671;3277
3672;3032
3673;6802
3674;3064
3675;3278
3676;3309
3677;3064
3678;3309
3679;3376
3680;3033
3681;3187
3682;3276
3683;3033
3684;3247
3685;3277
3686;3033
3687;3338
3688;3278
3689;3262
3690;3404
3691;3278
3692;3034
3693;3144
3694;3278
3695;3033
3696;3248
3697;3277
3698;3094
3699;3246
3700;3278
3701;3094
3702;3185
3703;3279
3704;3094
3705;3276
3706;3278
3707;3094
3708;3276
3709;3276
3710;3094
3711;3277
3712;3278
3713;3095
3714;3277
3715;3277
3716;3276
3717;3230
3718;3277
3719;3096
3720;3276
3721;3277
3722;3094
3723;3278
3724;5269
3725;2881
3726;3276
3727;3277
3728;2807
3729;3278
3730;3278
3731;2870
3732;3237
3733;3277
3734;3002
3735;3277
3736;3276
3737;2953
3738;3187
3739;3278
3740;3039
3741;3189
3742;3276
3743;3032
3744;3215
3745;3276
3746;3035
3747;3277
3748;3278
3749;3033
3750;3166
3751;3277
3752;3095
3753;3185
3754;3280
3755;3094
3756;3278
3757;3278
3758;3096
3759;3245
3760;3278
3761;3093
3762;3274
3763;5826
3764;2771
3765;3181
3766;3278
3767;2944
3768;3193
3769;3835
3770;2851
3771;3246
3772;3278
3773;3003
3774;3280
3775;3278
3776;2850
3777;3277
3778;3278
3779;2853
3780;3277
3781;3278
3782;3002
3783;3278
3784;3279
3785;3085
3786;3175
3787;3275
3788;3096
3789;3279
3790;3278
3791;3219
3792;3278
3793;3278
3794;3185
3795;3281
3796;3278
3797;2918
3798;3248
3799;3276
3800;3032
3801;3279
3802;3276
3803;2959
3804;3180
3805;3276
3806;3075
3807;3219
3808;3276
3809;3093
3810;3137
3811;3278
3812;3034
3813;2724
3814;3387
3815;3260
3816;3278
3817;3278
3818;3094
3819;3278
3820;3278
3821;3094
3822;3278
3823;3277
3824;3095
3825;3277
3826;3277
3827;3094
3828;3275
3829;3278
3830;3094
3831;3309
3832;3277
3833;3262
3834;3185
3835;3277
3836;3094
3837;3278
3838;3309
3839;3094
3840;3276
3841;3278
3842;3308
3843;3186
3844;3277
3845;3277
3846;3308
3847;3308
3848;3033
3849;3185
3850;3277
3851;3094
3852;3307
3853;7962
3854;3307
3855;3279
3856;3005
3857;3276
3858;3278
3859;3559
3860;3186
3861;3278
3862;3248
3863;3277
3864;3275
3865;2911
3866;3195
3867;3277
3868;2911
3869;3278
3870;3277
3871;3125
3872;3226
3873;3276
3874;3005
3875;3276
3876;3276
3877;3187
3878;3276
3879;3279
3880;3124
3881;3277
3882;3278
3883;3125
3884;3276
3885;3279
3886;3093
3887;3279
3888;3277
3889;3123
3890;3277
3891;3309
3892;2838
3893;3239
3894;3277
3895;3003
3896;3278
3897;3277
3898;2952
3899;3188
3900;3278
3901;3067
3902;3279
3903;3277
3904;3289
3905;3278
3906;3307
3907;3032
3908;3278
3909;3276
3910;3003
3911;3279
3912;3277
3913;3066
3914;3195
3915;3278
3916;3072
3917;3127
3918;3276
3919;3094
3920;3371
3921;3276
3922;3033
3923;3339
3924;3277
3925;3033
3926;3277
3927;3315
3928;3032
3929;3339
3930;3277
3931;3297
3932;3142
3933;3309
3934;3033
3935;3337
3936;3277
3937;3033
3938;3246
3939;3276
3940;3349
3941;3279
3942;3276
3943;6203
3944;3258
3945;3095
3946;3187
3947;3313
3948;3094
3949;5389
3950;3278
3951;3224
3952;3279
3953;3277
3954;2985
3955;3306
3956;3276
3957;3230
3958;3277
3959;3280
3960;2937
3961;3231
3962;3276
3963;2936
3964;3279
3965;3279
3966;2852
3967;3246
3968;3277
3969;2894
3970;2969
3971;3309
3972;3003
3973;3148
3974;3278
3975;3034
3976;3279
3977;3277
3978;2990
3979;3176
3980;3247
3981;3031
3982;3276
3983;3279
3984;3033
3985;3166
3986;3311
3987;3202
3988;3279
3989;3277
3990;3033
3991;3247
3992;3277
3993;3064
3994;3259
3995;3309
3996;3034
3997;3155
3998;3308
3999;3094
4000;3187
4001;3279
4002;3279
4003;3134
4004;3276
4005;3096
4006;3277
4007;3278
4008;3093
4009;3340
4010;3279
4011;3094
4012;3277
4013;3278
4014;3095
4015;3278
4016;3276
4017;3278
4018;3365
4019;3278
4020;3034
4021;3155
4022;3277
4023;3200
4024;3309
4025;3277
4026;3093
4027;3307
4028;3278
4029;3035
4030;3185
4031;3277
4032;3129
4033;5099
4034;3308
4035;2851
4036;3278
4037;3279
4038;3186
4039;3289
4040;3276
4041;2942
4042;3278
4043;3277
4044;2924
4045;3242
4046;3276
4047;2984
4048;3184
4049;3277
4050;2972
4051;3247
4052;3279
4053;2942
4054;3197
4055;3277
4056;3231
4057;3182
4058;3277
4059;3033
4060;3278
4061;3277
4062;3031
4063;3188
4064;3277
4065;3032
4066;3247
4067;3277
4068;3095
4069;3216
4070;3280
4071;3095
4072;3185
4073;3278
4074;3095
4075;3277
4076;3277
4077;3094
4078;3277
4079;3277
4080;3093
4081;3277
4082;3278
4083;3094
4084;3288
4085;3277
4086;3094
4087;3278
4088;3277
4089;3094
4090;3276
4091;3278
4092;3094
4093;3275
4094;3278
4095;3278
4096;3256
4097;3276
4098;3094
4099;3185
4100;3276
4101;3094
4102;3276
4103;3278
4104;3095
4105;3276
4106;3277
4107;3092
4108;3265
4109;3276
4110;3093
4111;3308
4112;3277
4113;3154
4114;3226
4115;3278
4116;3310
4117;3307
4118;3278
4119;3094
4120;3307
4121;3277
4122;3094
4123;7050
4124;3248
4125;3192
4126;3277
4127;3072
4128;3159
4129;3229
4130;3063
4131;3310
4132;3278
4133;3033
4134;3310
4135;3277
4136;3032
4137;3278
4138;3281
4139;3035
4140;3277
4141;3278
4142;3063
4143;3280
4144;3278
4145;3096
4146;3338
4147;3277
4148;3217
4149;3226
4150;3369
4151;3063
4152;3247
4153;3278
4154;3032
4155;3338
4156;3278
4157;3032
4158;3185
4159;3276
4160;3094
4161;3279
4162;3277
4163;3095
4164;3277
4165;3277
4166;3094
4167;3276
4168;3277
4169;3095
4170;3279
4171;3276
4172;3094
4173;3063
4174;3349
4175;3261
4176;3243
4177;3308
4178;3095
4179;3277
4180;3277
4181;3094
4182;3246
4183;3278
4184;3095
4185;3248
4186;3278
4187;3094
4188;3340
4189;3278
4190;3096
4191;3246
4192;3278
4193;3093
4194;3309
4195;3274
4196;3094
4197;3311
4198;3278
4199;3094
4200;3247
4201;3277
4202;3093
4203;3339
4204;3279
4205;3094
4206;3247
4207;3279
4208;3095
4209;3309
4210;3278
4211;3093
4212;3308
4213;5798
4214;3083
4215;3250
4216;3277
4217;3155
4218;3276
4219;3349
4220;2849
4221;3279
4222;3277
4223;2942
4224;3225
4225;3278
4226;2941
4227;3278
4228;3278
4229;2850
4230;3279
4231;3275
4232;3033
4233;3278
4234;3277
4235;3032
4236;3279
4237;3277
4238;3215
4239;3277
4240;3277
4241;3034
4242;3246
4243;3277
4244;3216
4245;3278
4246;3277
4247;3123
4248;3277
4249;3278
4250;3124
4251;3276
4252;3279
4253;2810
4254;3236
4255;3276
4256;3094
4257;3277
4258;3280
4259;3096
4260;3279
4261;3277
4262;3094
4263;3278
4264;3353
4265;3281
4266;3277
4267;3278
4268;3002
4269;3278
4270;3278
4271;3005
4272;3192
4273;3278
4274;2942
4275;3196
4276;3277
4277;2989
4278;3273
4279;3277
4280;3064
4281;3209
4282;3277
4283;3034
4284;3246
4285;3276
4286;3032
4287;3157
4288;3312
4289;3093
4290;3337
4291;3279
4292;3095
4293;3278
4294;3277
4295;3094
4296;3187
4297;3277
4298;3095
4299;3278
4300;3246
4301;3095
4302;3277
4303;7994
4304;3276
4305;3277
4306;2914
4307;3222
4308;3278
4309;3197
4310;3307
4311;3276
4312;3004
4313;3224
4314;3277
4315;3026
4316;3201
4317;3277
4318;3033
4319;3277
4320;3308
4321;3034
4322;3280
4323;3276
4324;2951
4325;3188
4326;3279
4327;3137
4328;3123
4329;3277
4330;3034
4331;3227
4332;3279
4333;3033
4334;3183
4335;3276
4336;3095
4337;3308
4338;3277
4339;3095
4340;3276
4341;3279
4342;3094
4343;3276
4344;3276
4345;3094
4346;3277
4347;3277
4348;3094
4349;3307
4350;3277
4351;3094
4352;3276
4353;3279
4354;3412
4355;3243
4356;3278
4357;3309
4358;3181
4359;3279
4360;3033
4361;3250
4362;3273
4363;3095
4364;3155
4365;3276
4366;3279
4367;3194
4368;3277
4369;3094
4370;3186
4371;3277
4372;3093
4373;3277
4374;3278
4375;3094
4376;3278
4377;3279
4378;3094
4379;3308
4380;3309
4381;3094
4382;3277
4383;3277
4384;3094
4385;3278
4386;3277
4387;3095
4388;3277
4389;3278
4390;3093
4391;3278
4392;3276
4393;6366
4394;3246
4395;3093
4396;3246
4397;3277
4398;3125
4399;3289
4400;3308
4401;3089
4402;3307
4403;3340
4404;3308
4405;3248
4406;3277
4407;3094
4408;3277
4409;3276
4410;3096
4411;3277
4412;3277
4413;3033
4414;3197
4415;3277
4416;3095
4417;3337
4418;3278
4419;3095
4420;3338
4421;3277
4422;3093
4423;3307
4424;3278
4425;3093
4426;3277
4427;3276
4428;3093
4429;3306
4430;3277
4431;3279
4432;3279
4433;3277
4434;3094
4435;3216
4436;3277
4437;3093
4438;3278
4439;3277
4440;3278
4441;3165
4442;3278
4443;3096
4444;3381
4445;3278
4446;3094
4447;3247
4448;3278
4449;3093
4450;3278
4451;3277
4452;3096
4453;3278
4454;3278
4455;3094
4456;3276
4457;3277
4458;3096
4459;3277
4460;3277
4461;3094
4462;3276
4463;3278
4464;3096
4465;3278
4466;3278
4467;3096
4468;3247
4469;3276
4470;3094
4471;3308
4472;3278
4473;3098
4474;3308
4475;3278
4476;3096
4477;3309
4478;3276
4479;3095
4480;3307
4481;3276
4482;3093
4483;5458
4484;3277
4485;2906
4486;3279
4487;3277
4488;2849
4489;3351
4490;3307
4491;2955
4492;3185
4493;3277
4494;2914
4495;3223
4496;3276
4497;3008
4498;3190
4499;3277
4500;2943
4501;3195
4502;3278
4503;3158
4504;3278
4505;3278
4506;3011
4507;3188
4508;3277
4509;3032
4510;3270
4511;3278
4512;3033
4513;3181
4514;3277
4515;3095
4516;3309
4517;3308
4518;3033
4519;3185
4520;3277
4521;3277
4522;3339
4523;3279
4524;3095
4525;3183
4526;3276
4527;3033
4528;3247
4529;3275
4530;3095
4531;3246
4532;3277
4533;3034
4534;5212
4535;3276
4536;2911
4537;3247
4538;3278
4539;3033
4540;3278
4541;3277
4542;2971
4543;3277
4544;3277
4545;2955
4546;3273
4547;3278
4548;2955
4549;3181
4550;3277
4551;3003
4552;3195
4553;3278
4554;2944
4555;3195
4556;3278
4557;3280
4558;3278
4559;3276
4560;3025
4561;3204
4562;3278
4563;3096
4564;3134
4565;3276
4566;3230
4567;3147
4568;3277
4569;3093
4570;3248
4571;3278
4572;3032
4573;7229
4574;2997
4575;3229
4576;3277
4577;3080
4578;3180
4579;3350
4580;3033
4581;3145
4582;3308
4583;3094
4584;3308
4585;3276
4586;3094
4587;3307
4588;3277
4589;3030
4590;3190
4591;3278
4592;3033
4593;3166
4594;3277
4595;3094
4596;3278
4597;3278
4598;3094
4599;3275
4600;3277
4601;3097
4602;3246
4603;3277
4604;3093
4605;3308
4606;3277
4607;3094
4608;3279
4609;3278
4610;3093
4611;3400
4612;3277
4613;3065
4614;3278
4615;3278
4616;3094
4617;3246
4618;3278
4619;3093
4620;3308
4621;3278
4622;3096
4623;3276
4624;5059
4625;2939
4626;3277
4627;3276
4628;2914
4629;3223
4630;3277
4631;3006
4632;3192
4633;3277
4634;2939
4635;3293
4636;3277
4637;2996
4638;3203
4639;3277
4640;3090
4641;3138
4642;3276
4643;3034
4644;3166
4645;3276
4646;3094
4647;3185
4648;3277
4649;3092
4650;3277
4651;3248
4652;3094
4653;2911
4654;3276
4655;3124
4656;3185
4657;3280
4658;3308
4659;3135
4660;3278
4661;3124
4662;3246
4663;6530
4664;3237
4665;3276
4666;3124
4667;3216
4668;3279
4669;3347
4670;3182
4671;3278
4672;3124
4673;3246
4674;3278
4675;3125
4676;3277
4677;3277
4678;3124
4679;3245
4680;3277
4681;3079
4682;3278
4683;3308
4684;3125
4685;3243
4686;3277
4687;3127
4688;3310
4689;3277
4690;3126
4691;3246
4692;3278
4693;3125
4694;3278
4695;3279
4696;3125
4697;3308
4698;3277
4699;3124
4700;3216
4701;3278
4702;3125
4703;3258
4704;3277
4705;3126
4706;3278
4707;3277
4708;3126
4709;3224
4710;3278
4711;3126
4712;3307
4713;3278
4714;4784
4715;3243
4716;3279
4717;2947
4718;3192
4719;3277
4720;3066
4721;3248
4722;3308
4723;2993
4724;3265
4725;3308
4726;3102
4727;3129
4728;3277
4729;3032
4730;3430
4731;3277
4732;3034
4733;3339
4734;3278
4735;3033
4736;3308
4737;3278
4738;3199
4739;3268
4740;3278
4741;3033
4742;3197
4743;3278
4744;3033
4745;3307
4746;3277
4747;3063
4748;3307
4749;3308
4750;3033
4751;3311
4752;3277
4753;4238
4754;3307
4755;3278
4756;2948
4757;3248
4758;3278
4759;3347
4760;3276
4761;3277
4762;3032
4763;3280
4764;3277
4765;3093
4766;3280
4767;3277
4768;3115
4769;3235
4770;3309
4771;3005
4772;3164
4773;3278
4774;3032
4775;3341
4776;3276
4777;2947
4778;3223
4779;3277
4780;3001
4781;3138
4782;3277
4783;3033
4784;3308
4785;3278
4786;3033
4787;3197
4788;3277
4789;3094
4790;3185
4791;3277
4792;3094
4793;3278
4794;3278
4795;3095
4796;3308
4797;3278
4798;3091
4799;3274
4800;3276
4801;3098
4802;3244
4803;3277
4804;3094
4805;3414
4806;3308
4807;3093
4808;3278
4809;3308
4810;3094
4811;3156
4812;3277
4813;3279
4814;3248
4815;3277
4816;3094
4817;3337
4818;3278
4819;3030
4820;3186
4821;3279
4822;3094
4823;3277
4824;3278
4825;3093
4826;3276
4827;3277
4828;3093
4829;3276
4830;3277
4831;3093
4832;3308
4833;3278
4834;3094
4835;3277
4836;3278
4837;3094
4838;3277
4839;3276
4840;3094
4841;3277
4842;3279
4843;5906
4844;3247
4845;3120
4846;3277
4847;3277
4848;3125
4849;4814
4850;3246
4851;2955
4852;3185
4853;3277
4854;3032
4855;3186
4856;3278
4857;3032
4858;3255
4859;3278
4860;3309
4861;3138
4862;3277
4863;3034
4864;3307
4865;3278
4866;3034
4867;3309
4868;3308
4869;3034
4870;3337
4871;3276
4872;3032
4873;3185
4874;3276
4875;3095
4876;3277
4877;3276
4878;3093
4879;3276
4880;3277
4881;3094
4882;3278
4883;3278
4884;3094
4885;3308
4886;3278
4887;3094
4888;3278
4889;3278
4890;3094
4891;3276
4892;3278
4893;3094
4894;5395
4895;3307
4896;2880
4897;3248
4898;3277
4899;3033
4900;3278
4901;3277
4902;2849
4903;3277
4904;3277
4905;3002
4906;3277
4907;3278
4908;2942
4909;3196
4910;3277
4911;3096
4912;3279
4913;3278
4914;3095
4915;3278
4916;3277
4917;3096
4918;3279
4919;3277
4920;2955
4921;3183
4922;3278
4923;3097
4924;3194
4925;3280
4926;3076
4927;3152
4928;3277
4929;3033
4930;3226
4931;3278
4932;3033
4933;4330
4934;3306
4935;3159
4936;3278
4937;3277
4938;3003
4939;4518
4940;3275
4941;2881
4942;3194
4943;3277
4944;2881
4945;3246
4946;3277
4947;3033
4948;3280
4949;3276
4950;2863
4951;3279
4952;2991
4953;2986
4954;3243
4955;3279
4956;2950
4957;3187
4958;3279
4959;3066
4960;3194
4961;3278
4962;3081
4963;3240
4964;3276
4965;3094
4966;3277
4967;3279
4968;3034
4969;3220
4970;3276
4971;3032
4972;3246
4973;3277
4974;3033
4975;3308
4976;3277
4977;3095
4978;3307
4979;3278
4980;3032
4981;3166
4982;3277
4983;3094
4984;3246
4985;3338
4986;3094
4987;3278
4988;3274
4989;3095
4990;3276
4991;3276
4992;3094
4993;3277
4994;3276
4995;3094
4996;3278
4997;3277
4998;3260
4999;3185
5000;3277
