count;dtBaro
1;673
2;682
3;670
4;664
5;666
6;676
7;671
8;672
9;671
10;664
11;671
12;666
13;664
14;670
15;667
16;667
17;668
18;668
19;665
20;680
21;668
22;667
23;692
24;665
25;667
26;668
27;669
28;669
29;665
30;671
31;668
32;664
33;664
34;669
35;666
36;703
37;670
38;664
39;664
40;669
41;675
42;677
43;674
44;668
45;664
46;665
47;676
48;664
49;665
50;677
51;665
52;672
53;666
54;666
55;667
56;665
57;668
58;667
59;669
60;683
61;681
62;673
63;700
64;673
65;665
66;688
67;681
68;682
69;670
70;668
71;671
72;665
73;685
74;680
75;666
76;687
77;689
78;666
79;671
80;668
81;674
82;663
83;688
84;678
85;665
86;682
87;676
88;670
89;688
90;707
91;664
92;671
93;688
94;667
95;667
96;688
97;678
98;663
99;681
100;671
101;665
102;665
103;716
104;684
105;666
106;688
107;680
108;673
109;667
110;680
111;685
112;668
113;682
114;644
115;666
116;682
117;711
118;664
119;749
120;683
121;677
122;687
123;620
124;667
125;682
126;675
127;666
128;687
129;690
130;676
131;689
132;676
133;634
134;663
135;686
136;679
137;663
138;639
139;692
140;664
141;687
142;683
143;670
144;671
145;668
146;644
147;665
148;666
149;694
150;674
151;671
152;693
153;665
154;666
155;683
156;675
157;665
158;689
159;678
160;689
161;666
162;749
163;688
164;680
165;677
166;684
167;691
168;690
169;728
170;675
171;674
172;730
173;721
174;676
175;700
176;739
177;681
178;692
179;702
180;701
181;712
182;696
183;710
184;710
185;703
186;738
187;756
188;754
189;717
190;683
191;735
192;710
193;746
194;717
195;717
196;761
197;747
198;685
199;731
200;679
201;703
202;729
203;677
204;710
205;720
206;758
207;775
208;715
209;694
210;683
211;732
212;754
213;721
214;765
215;681
216;695
217;720
218;747
219;788
220;694
221;747
222;678
223;707
224;712
225;676
226;762
227;704
228;705
229;743
230;729
231;744
232;732
233;735
234;718
235;691
236;704
237;729
238;690
239;711
240;683
241;708
242;670
243;684
244;753
245;706
246;753
247;713
248;751
249;705
250;722
251;706
252;722
253;683
254;720
255;750
256;681
257;717
258;680
259;688
260;683
261;713
262;737
263;695
264;722
265;717
266;682
267;661
268;748
269;719
270;711
271;679
272;683
273;728
274;727
275;712
276;702
277;693
278;679
279;684
280;680
281;725
282;686
283;730
284;696
285;753
286;716
287;683
288;685
289;676
290;778
291;677
292;710
293;721
294;692
295;674
296;787
297;690
298;685
299;723
300;758
301;816
302;717
303;713
304;668
305;712
306;719
307;672
308;767
309;697
310;689
311;711
312;753
313;679
314;672
315;676
316;701
317;672
318;678
319;726
320;672
321;758
322;701
323;679
324;704
325;756
326;695
327;667
328;668
329;719
330;671
331;684
332;720
333;681
334;767
335;706
336;702
337;685
338;739
339;688
340;667
341;669
342;708
343;669
344;707
345;677
346;670
347;780
348;712
349;685
350;688
351;715
352;693
353;668
354;679
355;706
356;674
357;734
358;744
359;762
360;812
361;672
362;717
363;728
364;720
365;677
366;737
367;673
368;675
369;708
370;684
371;685
372;765
373;702
374;679
375;706
376;733
377;719
378;679
379;677
380;727
381;679
382;685
383;738
384;693
385;741
386;756
387;751
388;677
389;674
390;754
391;682
392;680
393;679
394;709
395;770
396;698
397;703
398;713
399;696
400;723
401;680
402;679
403;696
404;676
405;681
406;677
407;711
408;744
409;700
410;704
411;750
412;703
413;703
414;679
415;699
416;706
417;681
418;711
419;705
420;744
421;705
422;716
423;677
424;764
425;728
426;689
427;677
428;764
429;737
430;680
431;676
432;708
433;729
434;733
435;681
436;679
437;730
438;685
439;676
440;674
441;729
442;693
443;672
444;697
445;696
446;691
447;721
448;675
449;695
450;720
451;685
452;674
453;681
454;733
455;707
456;675
457;682
458;692
459;691
460;715
461;681
462;712
463;710
464;704
465;717
466;684
467;693
468;678
469;702
470;728
471;682
472;692
473;687
474;680
475;721
476;711
477;701
478;681
479;707
480;734
481;683
482;723
483;793
484;714
485;684
486;725
487;700
488;698
489;692
490;726
491;692
492;713
493;678
494;688
495;748
496;727
497;704
498;711
499;726
500;680
501;719
502;743
503;743
504;698
505;687
506;681
507;693
508;744
509;698
510;687
511;714
512;705
513;795
514;691
515;680
516;732
517;717
518;723
519;680
520;744
521;698
522;677
523;693
524;727
525;678
526;713
527;731
528;706
529;701
530;732
531;724
532;709
533;720
534;697
535;681
536;690
537;702
538;677
539;685
540;692
541;677
542;696
543;693
544;701
545;677
546;692
547;706
548;676
549;698
550;675
551;674
552;736
553;718
554;685
555;708
556;692
557;699
558;681
559;696
560;713
561;673
562;720
563;678
564;675
565;722
566;695
567;673
568;700
569;700
570;700
571;674
572;685
573;701
574;675
575;700
576;672
577;676
578;690
579;717
580;678
581;690
582;697
583;721
584;675
585;674
586;698
587;677
588;699
589;679
590;676
591;727
592;745
593;689
594;689
595;702
596;718
597;674
598;684
599;707
600;677
601;701
602;682
603;676
604;746
605;688
606;687
607;700
608;693
609;708
610;671
611;682
612;687
613;677
614;708
615;673
616;673
617;719
618;722
619;689
620;678
621;693
622;719
623;680
624;678
625;700
626;675
627;715
628;674
629;672
630;752
631;717
632;686
633;701
634;691
635;710
636;676
637;684
638;702
639;674
640;705
641;682
642;677
643;701
644;716
645;691
646;736
647;693
648;686
649;676
650;701
651;713
652;682
653;702
654;741
655;712
656;846
657;725
658;697
659;708
660;682
661;690
662;687
663;692
664;690
665;1154
666;737
667;700
668;712
669;680
670;708
671;680
672;702
673;699
674;728
675;715
676;697
677;682
678;712
679;717
680;681
681;691
682;703
683;756
684;674
685;713
686;735
687;691
688;770
689;703
690;683
691;703
692;711
693;681
694;704
695;742
696;696
697;674
698;686
699;722
700;744
701;748
702;673
703;688
704;717
705;671
706;721
707;676
708;675
709;670
710;674
711;668
712;671
713;671
714;686
715;669
716;681
717;675
718;672
719;725
720;667
721;672
722;669
723;670
724;669
725;672
726;675
727;669
728;671
729;667
730;668
731;667
732;667
733;677
734;665
735;665
736;663
737;666
738;676
739;666
740;663
741;663
742;665
743;668
744;667
745;664
746;666
747;670
748;667
749;665
750;664
751;666
752;663
753;665
754;670
755;663
756;663
757;666
758;666
759;665
760;672
761;665
762;666
763;667
764;665
765;667
766;665
767;663
768;666
769;666
770;666
771;665
772;665
773;670
774;668
775;660
776;667
777;663
778;663
779;666
780;668
781;664
782;666
783;665
784;666
785;665
786;669
787;669
788;663
789;666
790;667
791;673
792;672
793;662
794;667
795;663
796;663
797;664
798;662
799;664
800;666
801;665
802;667
803;671
804;670
805;664
806;663
807;663
808;663
809;661
810;660
811;662
812;670
813;664
814;691
815;664
816;665
817;663
818;667
819;661
820;662
821;665
822;665
823;667
824;666
825;664
826;665
827;666
828;690
829;683
830;676
831;673
832;675
833;666
834;828
835;670
836;673
837;675
838;670
839;759
840;669
841;667
842;666
843;672
844;670
845;666
846;665
847;2358
848;736
849;671
850;665
851;664
852;690
853;663
854;662
855;663
856;667
857;660
858;666
859;669
860;663
861;669
862;665
863;665
864;663
865;671
866;665
867;665
868;667
869;666
870;663
871;665
872;669
873;685
874;668
875;669
876;670
877;666
878;670
879;696
880;666
881;666
882;667
883;666
884;668
885;673
886;665
887;664
888;667
889;668
890;677
891;664
892;655
893;671
894;678
895;663
896;669
897;669
898;664
899;664
900;667
901;667
902;677
903;671
904;667
905;684
906;684
907;667
908;675
909;666
910;674
911;663
912;666
913;665
914;664
915;666
916;675
917;668
918;665
919;695
920;674
921;666
922;666
923;666
924;666
925;666
926;669
927;676
928;666
929;666
930;666
931;670
932;662
933;671
934;665
935;664
936;667
937;669
938;669
939;666
940;665
941;665
942;664
943;666
944;669
945;665
946;706
947;678
948;670
949;669
950;670
951;669
952;666
953;666
954;668
955;666
956;667
957;670
958;665
959;664
960;724
961;665
962;666
963;666
964;667
965;665
966;667
967;665
968;666
969;719
970;680
971;669
972;674
973;679
974;667
975;667
976;671
977;664
978;672
979;664
980;669
981;665
982;667
983;695
984;668
985;668
986;699
987;675
988;675
989;686
990;668
991;674
992;673
993;668
994;664
995;667
996;684
997;668
998;669
999;691
1000;678
1001;666
1002;675
1003;678
1004;685
1005;673
1006;691
1007;675
1008;666
1009;673
1010;711
1011;680
1012;673
1013;713
1014;668
1015;679
1016;673
1017;679
1018;668
1019;671
1020;671
1021;671
1022;670
1023;669
1024;668
1025;669
1026;734
1027;674
1028;667
1029;668
1030;765
1031;671
1032;669
1033;676
1034;666
1035;667
1036;664
1037;669
1038;676
1039;666
1040;701
1041;671
1042;668
1043;669
1044;670
1045;665
1046;677
1047;670
1048;669
1049;668
1050;688
1051;669
1052;676
1053;720
1054;633
1055;670
1056;672
1057;679
1058;668
1059;674
1060;690
1061;640
1062;666
1063;676
1064;671
1065;667
1066;710
1067;676
1068;673
1069;673
1070;671
1071;678
1072;670
1073;665
1074;660
1075;667
1076;680
1077;669
1078;667
1079;693
1080;706
1081;669
1082;681
1083;678
1084;685
1085;673
1086;691
1087;674
1088;664
1089;674
1090;672
1091;660
1092;668
1093;722
1094;708
1095;729
1096;711
1097;747
1098;680
1099;680
1100;719
1101;677
1102;674
1103;717
1104;701
1105;679
1106;697
1107;675
1108;737
1109;723
1110;728
1111;688
1112;678
1113;736
1114;689
1115;688
1116;730
1117;708
1118;677
1119;741
1120;692
1121;699
1122;726
1123;725
1124;675
1125;673
1126;712
1127;681
1128;710
1129;717
1130;680
1131;672
1132;762
1133;700
1134;727
1135;700
1136;720
1137;677
1138;692
1139;745
1140;678
1141;733
1142;756
1143;677
1144;706
1145;703
1146;679
1147;719
1148;754
1149;673
1150;674
1151;740
1152;712
1153;671
1154;691
1155;717
1156;676
1157;762
1158;714
1159;674
1160;710
1161;749
1162;681
1163;677
1164;741
1165;718
1166;674
1167;740
1168;673
1169;674
1170;779
1171;719
1172;690
1173;726
1174;715
1175;697
1176;683
1177;719
1178;694
1179;674
1180;701
1181;672
1182;672
1183;751
1184;695
1185;699
1186;705
1187;711
1188;684
1189;692
1190;713
1191;688
1192;672
1193;695
1194;767
1195;699
1196;749
1197;764
1198;706
1199;735
1200;727
1201;941
1202;720
1203;675
1204;731
1205;756
1206;703
1207;692
1208;845
1209;689
1210;676
1211;735
1212;1204
1213;692
1214;749
1215;711
1216;676
1217;729
1218;671
1219;675
1220;819
1221;709
1222;677
1223;686
1224;700
1225;696
1226;683
1227;719
1228;690
1229;672
1230;732
1231;679
1232;680
1233;723
1234;702
1235;678
1236;692
1237;695
1238;716
1239;723
1240;733
1241;670
1242;704
1243;718
1244;679
1245;676
1246;788
1247;686
1248;704
1249;685
1250;723
1251;724
1252;739
1253;695
1254;673
1255;700
1256;723
1257;696
1258;716
1259;726
1260;673
1261;704
1262;721
1263;714
1264;703
1265;732
1266;700
1267;675
1268;728
1269;688
1270;677
1271;764
1272;740
1273;678
1274;703
1275;727
1276;717
1277;699
1278;681
1279;711
1280;673
1281;719
1282;715
1283;678
1284;688
1285;728
1286;689
1287;682
1288;751
1289;702
1290;722
1291;732
1292;678
1293;677
1294;730
1295;715
1296;675
1297;736
1298;681
1299;693
1300;727
1301;732
1302;683
1303;694
1304;748
1305;692
1306;687
1307;727
1308;700
1309;675
1310;703
1311;682
1312;675
1313;739
1314;719
1315;675
1316;700
1317;744
1318;687
1319;688
1320;717
1321;675
1322;674
1323;725
1324;692
1325;673
1326;719
1327;752
1328;674
1329;710
1330;733
1331;675
1332;721
1333;724
1334;677
1335;708
1336;717
1337;674
1338;697
1339;716
1340;734
1341;679
1342;693
1343;745
1344;685
1345;711
1346;743
1347;676
1348;725
1349;705
1350;677
1351;713
1352;744
1353;675
1354;676
1355;693
1356;733
1357;679
1358;709
1359;730
1360;686
1361;780
1362;719
1363;689
1364;671
1365;747
1366;693
1367;678
1368;688
1369;706
1370;679
1371;718
1372;674
1373;672
1374;809
1375;714
1376;783
1377;743
1378;740
1379;682
1380;675
1381;726
1382;682
1383;707
1384;712
1385;680
1386;755
1387;746
1388;685
1389;693
1390;736
1391;713
1392;677
1393;727
1394;891
1395;761
1396;719
1397;673
1398;676
1399;721
1400;711
1401;720
1402;705
1403;719
1404;676
1405;706
1406;739
1407;674
1408;704
1409;754
1410;679
1411;717
1412;699
1413;688
1414;737
1415;764
1416;703
1417;676
1418;728
1419;718
1420;700
1421;699
1422;704
1423;676
1424;783
1425;708
1426;701
1427;690
1428;722
1429;701
1430;695
1431;740
1432;701
1433;702
1434;720
1435;686
1436;671
1437;763
1438;699
1439;695
1440;717
1441;724
1442;678
1443;720
1444;720
1445;677
1446;684
1447;739
1448;702
1449;694
1450;706
1451;678
1452;708
1453;719
1454;718
1455;681
1456;700
1457;751
1458;671
1459;713
1460;719
1461;679
1462;766
1463;738
1464;684
1465;678
1466;752
1467;713
1468;679
1469;685
1470;727
1471;672
1472;707
1473;726
1474;679
1475;700
1476;729
1477;695
1478;703
1479;743
1480;698
1481;678
1482;713
1483;678
1484;678
1485;696
1486;723
1487;677
1488;738
1489;686
1490;690
1491;736
1492;704
1493;698
1494;701
1495;725
1496;687
1497;683
1498;654
1499;717
1500;676
1501;778
1502;678
1503;683
1504;738
1505;723
1506;695
1507;709
1508;693
1509;682
1510;675
1511;674
1512;701
1513;671
1514;705
1515;670
1516;686
1517;726
1518;708
1519;720
1520;680
1521;716
1522;679
1523;673
1524;673
1525;708
1526;676
1527;733
1528;676
1529;674
1530;715
1531;712
1532;720
1533;675
1534;715
1535;684
1536;672
1537;673
1538;707
1539;675
1540;740
1541;672
1542;671
1543;719
1544;708
1545;720
1546;678
1547;707
1548;683
1549;670
1550;673
1551;710
1552;675
1553;714
1554;670
1555;689
1556;731
1557;1020
1558;710
1559;679
1560;720
1561;676
1562;675
1563;726
1564;739
1565;724
1566;842
1567;713
1568;730
1569;719
1570;693
1571;681
1572;729
1573;701
1574;676
1575;714
1576;861
1577;723
1578;762
1579;701
1580;699
1581;727
1582;721
1583;683
1584;722
1585;723
1586;676
1587;679
1588;701
1589;694
1590;681
1591;738
1592;675
1593;673
1594;743
1595;711
1596;695
1597;698
1598;760
1599;690
1600;687
1601;713
1602;674
1603;732
1604;762
1605;681
1606;679
1607;720
1608;703
1609;678
1610;689
1611;710
1612;677
1613;705
1614;716
1615;672
1616;752
1617;726
1618;674
1619;680
1620;739
1621;723
1622;675
1623;699
1624;693
1625;681
1626;737
1627;686
1628;708
1629;702
1630;707
1631;678
1632;732
1633;727
1634;711
1635;702
1636;756
1637;692
1638;680
1639;765
1640;715
1641;683
1642;752
1643;681
1644;680
1645;738
1646;720
1647;690
1648;677
1649;700
1650;694
1651;683
1652;737
1653;699
1654;704
1655;768
1656;705
1657;706
1658;703
1659;714
1660;708
1661;702
1662;710
1663;677
1664;738
1665;763
1666;678
1667;759
1668;711
1669;675
1670;708
1671;730
1672;689
1673;690
1674;705
1675;702
1676;675
1677;678
1678;716
1679;677
1680;1058
1681;696
1682;679
1683;735
1684;731
1685;677
1686;696
1687;734
1688;680
1689;678
1690;725
1691;696
1692;705
1693;706
1694;677
1695;708
1696;738
1697;716
1698;682
1699;700
1700;708
1701;683
1702;729
1703;694
1704;674
1705;811
1706;704
1707;688
1708;708
1709;727
1710;712
1711;678
1712;705
1713;712
1714;684
1715;736
1716;705
1717;679
1718;733
1719;712
1720;720
1721;735
1722;726
1723;704
1724;708
1725;659
1726;705
1727;685
1728;730
1729;689
1730;678
1731;744
1732;676
1733;703
1734;723
1735;719
1736;709
1737;703
1738;721
1739;691
1740;724
1741;771
1742;691
1743;707
1744;754
1745;723
1746;696
1747;734
1748;726
1749;721
1750;713
1751;766
1752;713
1753;749
1754;700
1755;687
1756;777
1757;705
1758;728
1759;895
1760;677
1761;677
1762;733
1763;695
1764;677
1765;702
1766;686
1767;677
1768;680
1769;762
1770;696
1771;745
1772;750
1773;727
1774;673
1775;695
1776;729
1777;686
1778;673
1779;711
1780;686
1781;691
1782;711
1783;675
1784;724
1785;739
1786;735
1787;672
1788;691
1789;723
1790;706
1791;693
1792;701
1793;673
1794;722
1795;755
1796;677
1797;704
1798;718
1799;720
1800;680
1801;691
1802;725
1803;706
1804;705
1805;721
1806;674
1807;709
1808;727
1809;678
1810;713
1811;736
1812;714
1813;677
1814;712
1815;681
1816;696
1817;761
1818;714
1819;679
1820;728
1821;679
1822;674
1823;746
1824;732
1825;674
1826;678
1827;725
1828;695
1829;725
1830;713
1831;699
1832;686
1833;778
1834;694
1835;678
1836;720
1837;743
1838;682
1839;682
1840;715
1841;678
1842;695
1843;731
1844;677
1845;677
1846;714
1847;689
1848;694
1849;714
1850;720
1851;678
1852;693
1853;729
1854;676
1855;681
1856;724
1857;677
1858;718
1859;732
1860;673
1861;715
1862;735
1863;710
1864;673
1865;730
1866;719
1867;683
1868;674
1869;722
1870;676
1871;715
1872;705
1873;679
1874;698
1875;763
1876;693
1877;673
1878;726
1879;699
1880;680
1881;685
1882;701
1883;678
1884;685
1885;722
1886;680
1887;690
1888;740
1889;693
1890;678
1891;720
1892;730
1893;681
1894;679
1895;695
1896;678
1897;743
1898;729
1899;675
1900;691
1901;721
1902;700
1903;681
1904;737
1905;715
1906;679
1907;684
1908;679
1909;675
1910;788
1911;713
1912;677
1913;686
1914;708
1915;704
1916;684
1917;721
1918;713
1919;679
1920;696
1921;683
1922;698
1923;765
1924;707
1925;721
1926;693
1927;732
1928;683
1929;686
1930;715
1931;755
1932;708
1933;683
1934;677
1935;733
1936;746
1937;744
1938;676
1939;706
1940;727
1941;761
1942;697
1943;694
1944;676
1945;714
1946;705
1947;673
1948;734
1949;671
1950;697
1951;734
1952;728
1953;702
1954;711
1955;687
1956;678
1957;696
1958;728
1959;720
1960;681
1961;757
1962;682
1963;677
1964;758
1965;726
1966;708
1967;677
1968;727
1969;706
1970;689
1971;711
1972;689
1973;673
1974;759
1975;690
1976;679
1977;716
1978;726
1979;684
1980;690
1981;718
1982;673
1983;694
1984;731
1985;671
1986;675
1987;700
1988;686
1989;709
1990;725
1991;730
1992;676
1993;698
1994;716
1995;675
1996;701
1997;745
1998;701
1999;713
2000;707
2001;677
2002;714
2003;760
2004;678
2005;677
2006;735
2007;715
2008;679
2009;695
2010;731
2011;715
2012;772
2013;722
2014;675
2015;676
2016;734
2017;693
2018;685
2019;721
2020;704
2021;676
2022;730
2023;678
2024;690
2025;821
2026;712
2027;693
2028;727
2029;732
2030;677
2031;725
2032;731
2033;678
2034;677
2035;724
2036;702
2037;698
2038;718
2039;676
2040;674
2041;761
2042;740
2043;679
2044;697
2045;736
2046;679
2047;683
2048;709
2049;677
2050;710
2051;727
2052;675
2053;677
2054;732
2055;723
2056;682
2057;697
2058;720
2059;677
2060;697
2061;716
2062;676
2063;698
2064;726
2065;681
2066;682
2067;735
2068;696
2069;677
2070;716
2071;707
2072;674
2073;731
2074;709
2075;675
2076;707
2077;678
2078;675
2079;698
2080;718
2081;699
2082;679
2083;728
2084;693
2085;675
2086;746
2087;707
2088;676
2089;692
2090;676
2091;677
2092;716
2093;729
2094;699
2095;677
2096;712
2097;688
2098;676
2099;774
2100;708
2101;675
2102;711
2103;680
2104;688
2105;745
2106;734
2107;678
2108;674
2109;703
2110;697
2111;678
2112;752
2113;716
2114;695
2115;722
2116;689
2117;649
2118;722
2119;1029
2120;677
2121;675
2122;701
2123;784
2124;669
2125;663
2126;659
2127;669
2128;670
2129;660
2130;667
2131;665
2132;658
2133;657
2134;660
2135;660
2136;659
2137;658
2138;670
2139;664
2140;659
2141;695
2142;663
2143;658
2144;664
2145;659
2146;665
2147;659
2148;658
2149;656
2150;658
2151;667
2152;658
2153;657
2154;676
2155;667
2156;659
2157;660
2158;671
2159;666
2160;659
2161;660
2162;662
2163;660
2164;659
2165;664
2166;659
2167;656
2168;670
2169;660
2170;660
2171;671
2172;676
2173;659
2174;657
2175;669
2176;666
2177;659
2178;658
2179;668
2180;660
2181;678
2182;658
2183;671
2184;660
2185;663
2186;666
2187;672
2188;666
2189;668
2190;661
2191;658
2192;667
2193;658
2194;659
2195;691
2196;667
2197;658
2198;658
2199;659
2200;662
2201;658
2202;664
2203;657
2204;658
2205;660
2206;660
2207;657
2208;658
2209;693
2210;660
2211;659
2212;661
2213;668
2214;659
2215;662
2216;660
2217;666
2218;659
2219;658
2220;655
2221;661
2222;669
2223;657
2224;660
2225;664
2226;676
2227;674
2228;661
2229;659
2230;660
2231;656
2232;660
2233;662
2234;668
2235;658
2236;669
2237;660
2238;659
2239;666
2240;660
2241;662
2242;659
2243;657
2244;660
2245;659
2246;659
2247;661
2248;664
2249;658
2250;663
2251;666
2252;660
2253;659
2254;660
2255;663
2256;659
2257;666
2258;665
2259;659
2260;660
2261;659
2262;658
2263;666
2264;659
2265;659
2266;676
2267;659
2268;661
2269;659
2270;659
2271;662
2272;660
2273;661
2274;660
2275;659
2276;662
2277;660
2278;659
2279;660
2280;660
2281;672
2282;659
2283;662
2284;669
2285;658
2286;676
2287;664
2288;661
2289;661
2290;683
2291;658
2292;661
2293;659
2294;669
2295;669
2296;663
2297;666
2298;662
2299;671
2300;662
2301;660
2302;660
2303;662
2304;691
2305;676
2306;695
2307;666
2308;668
2309;657
2310;664
2311;669
2312;665
2313;658
2314;659
2315;662
2316;657
2317;666
2318;671
2319;659
2320;658
2321;665
2322;659
2323;658
2324;659
2325;659
2326;658
2327;661
2328;667
2329;661
2330;658
2331;670
2332;660
2333;659
2334;658
2335;671
2336;666
2337;661
2338;659
2339;661
2340;658
2341;659
2342;665
2343;660
2344;662
2345;673
2346;658
2347;659
2348;665
2349;661
2350;657
2351;658
2352;665
2353;660
2354;658
2355;662
2356;658
2357;658
2358;659
2359;661
2360;658
2361;658
2362;663
2363;661
2364;664
2365;658
2366;661
2367;658
2368;658
2369;664
2370;657
2371;659
2372;675
2373;660
2374;658
2375;666
2376;661
2377;664
2378;658
2379;660
2380;668
2381;658
2382;664
2383;667
2384;658
2385;661
2386;661
2387;658
2388;659
2389;665
2390;653
2391;657
2392;658
2393;661
2394;661
2395;657
2396;658
2397;658
2398;657
2399;659
2400;665
2401;656
2402;660
2403;663
2404;662
2405;658
2406;660
2407;661
2408;658
2409;658
2410;665
2411;657
2412;657
2413;676
2414;663
2415;659
2416;658
2417;665
2418;672
2419;659
2420;657
2421;660
2422;657
2423;660
2424;664
2425;659
2426;658
2427;660
2428;658
2429;705
2430;849
2431;879
2432;704
2433;667
2434;666
2435;663
2436;664
2437;661
2438;666
2439;662
2440;694
2441;662
2442;661
2443;660
2444;663
2445;659
2446;663
2447;660
2448;663
2449;661
2450;665
2451;663
2452;663
2453;666
2454;661
2455;664
2456;663
2457;664
2458;662
2459;663
2460;665
2461;680
2462;660
2463;661
2464;670
2465;663
2466;661
2467;670
2468;665
2469;664
2470;671
2471;664
2472;665
2473;667
2474;662
2475;667
2476;663
2477;662
2478;664
2479;665
2480;670
2481;686
2482;663
2483;686
2484;691
2485;682
2486;681
2487;687
2488;739
2489;665
2490;687
2491;627
2492;665
2493;668
2494;718
2495;665
2496;686
2497;672
2498;681
2499;679
2500;680
2501;663
2502;664
2503;687
2504;671
2505;666
2506;669
2507;703
2508;669
2509;665
2510;681
2511;686
2512;667
2513;670
2514;683
2515;620
2516;663
2517;751
2518;682
2519;676
2520;720
2521;699
2522;671
2523;700
2524;748
2525;742
2526;696
2527;711
2528;703
2529;684
2530;707
2531;721
2532;678
2533;754
2534;738
2535;676
2536;686
2537;738
2538;707
2539;684
2540;719
2541;718
2542;677
2543;724
2544;675
2545;682
2546;772
2547;704
2548;680
2549;693
2550;726
2551;709
2552;695
2553;736
2554;683
2555;748
2556;697
2557;693
2558;696
2559;753
2560;675
2561;675
2562;740
2563;728
2564;678
2565;694
2566;743
2567;674
2568;684
2569;731
2570;678
2571;766
2572;739
2573;675
2574;674
2575;714
2576;699
2577;710
2578;689
2579;720
2580;674
2581;702
2582;721
2583;677
2584;732
2585;721
2586;688
2587;682
2588;742
2589;706
2590;722
2591;732
2592;683
2593;675
2594;720
2595;717
2596;673
2597;744
2598;673
2599;690
2600;730
2601;739
2602;695
2603;699
2604;744
2605;703
2606;672
2607;720
2608;689
2609;673
2610;730
2611;686
2612;684
2613;724
2614;723
2615;692
2616;713
2617;711
2618;752
2619;671
2620;681
2621;695
2622;676
2623;719
2624;674
2625;679
2626;740
2627;741
2628;697
2629;698
2630;702
2631;718
2632;673
2633;675
2634;686
2635;676
2636;680
2637;681
2638;673
2639;736
2640;712
2641;710
2642;689
2643;707
2644;734
2645;681
2646;678
2647;710
2648;679
2649;687
2650;677
2651;700
2652;753
2653;709
2654;688
2655;708
2656;708
2657;687
2658;676
2659;710
2660;720
2661;713
2662;702
2663;695
2664;729
2665;743
2666;684
2667;682
2668;685
2669;735
2670;756
2671;724
2672;680
2673;678
2674;736
2675;747
2676;748
2677;676
2678;687
2679;678
2680;673
2681;727
2682;686
2683;707
2684;707
2685;672
2686;675
2687;715
2688;745
2689;715
2690;677
2691;706
2692;674
2693;674
2694;697
2695;692
2696;722
2697;709
2698;672
2699;676
2700;701
2701;716
2702;698
2703;676
2704;741
2705;688
2706;678
2707;701
2708;691
2709;723
2710;702
2711;672
2712;730
2713;696
2714;671
2715;676
2716;744
2717;729
2718;676
2719;689
2720;696
2721;736
2722;675
2723;689
2724;703
2725;711
2726;695
2727;703
2728;754
2729;715
2730;696
2731;675
2732;694
2733;709
2734;706
2735;681
2736;699
2737;684
2738;706
2739;725
2740;713
2741;770
2742;712
2743;707
2744;674
2745;700
2746;736
2747;677
2748;689
2749;754
2750;696
2751;701
2752;727
2753;750
2754;718
2755;733
2756;712
2757;682
2758;711
2759;694
2760;683
2761;689
2762;701
2763;678
2764;734
2765;695
2766;723
2767;726
2768;715
2769;678
2770;673
2771;696
2772;704
2773;673
2774;747
2775;736
2776;717
2777;742
2778;695
2779;733
2780;724
2781;703
2782;678
2783;731
2784;694
2785;701
2786;686
2787;741
2788;683
2789;719
2790;702
2791;636
2792;769
2793;735
2794;702
2795;682
2796;727
2797;727
2798;704
2799;676
2800;707
2801;693
2802;704
2803;689
2804;700
2805;733
2806;720
2807;690
2808;676
2809;701
2810;711
2811;724
2812;691
2813;712
2814;684
2815;718
2816;704
2817;756
2818;690
2819;692
2820;689
2821;692
2822;734
2823;694
2824;705
2825;690
2826;759
2827;673
2828;707
2829;745
2830;720
2831;674
2832;676
2833;701
2834;828
2835;742
2836;731
2837;677
2838;685
2839;680
2840;756
2841;748
2842;712
2843;710
2844;730
2845;706
2846;707
2847;727
2848;799
2849;688
2850;699
2851;654
2852;1215
2853;782
2854;698
2855;676
2856;714
2857;689
2858;717
2859;713
2860;690
2861;680
2862;691
2863;718
2864;695
2865;847
2866;715
2867;714
2868;676
2869;676
2870;704
2871;719
2872;739
2873;705
2874;680
2875;725
2876;692
2877;671
2878;734
2879;847
2880;707
2881;677
2882;701
2883;753
2884;748
2885;685
2886;679
2887;689
2888;731
2889;702
2890;700
2891;715
2892;721
2893;677
2894;677
2895;734
2896;760
2897;692
2898;740
2899;677
2900;717
2901;722
2902;683
2903;688
2904;743
2905;728
2906;675
2907;673
2908;694
2909;706
2910;700
2911;689
2912;675
2913;732
2914;701
2915;716
2916;723
2917;704
2918;684
2919;681
2920;697
2921;711
2922;703
2923;712
2924;677
2925;673
2926;761
2927;722
2928;735
2929;682
2930;717
2931;683
2932;678
2933;744
2934;727
2935;717
2936;680
2937;680
2938;703
2939;735
2940;700
2941;762
2942;707
2943;739
2944;690
2945;672
2946;736
2947;674
2948;682
2949;673
2950;680
2951;697
2952;707
2953;676
2954;837
2955;703
2956;711
2957;678
2958;693
2959;760
2960;675
2961;672
2962;674
2963;675
2964;675
2965;717
2966;674
2967;762
2968;694
2969;699
2970;678
2971;702
2972;766
2973;676
2974;682
2975;676
2976;675
2977;695
2978;717
2979;680
2980;773
2981;709
2982;719
2983;683
2984;709
2985;777
2986;688
2987;693
2988;681
2989;678
2990;719
2991;709
2992;678
2993;720
2994;752
2995;705
2996;680
2997;692
2998;688
2999;697
3000;678
3001;679
3002;681
3003;730
3004;678
3005;678
3006;732
3007;762
3008;712
3009;677
3010;695
3011;677
3012;708
3013;678
3014;677
3015;697
3016;691
3017;700
3018;742
3019;725
3020;743
3021;700
3022;682
3023;706
3024;698
3025;709
3026;685
3027;1078
3028;710
3029;709
3030;681
3031;745
3032;722
3033;678
3034;676
3035;1022
3036;707
3037;726
3038;744
3039;689
3040;678
3041;751
3042;722
3043;662
3044;718
3045;720
3046;713
3047;721
3048;696
3049;677
3050;699
3051;709
3052;691
3053;679
3054;715
3055;728
3056;710
3057;696
3058;718
3059;729
3060;719
3061;686
3062;678
3063;728
3064;722
3065;682
3066;687
3067;716
3068;678
3069;710
3070;768
3071;751
3072;730
3073;701
3074;697
3075;701
3076;724
3077;707
3078;678
3079;718
3080;745
3081;688
3082;695
3083;710
3084;691
3085;714
3086;709
3087;677
3088;705
3089;706
3090;698
3091;678
3092;696
3093;700
3094;702
3095;716
3096;719
3097;697
3098;719
3099;710
3100;684
3101;687
3102;706
3103;723
3104;684
3105;692
3106;685
3107;713
3108;715
3109;762
3110;689
3111;702
3112;680
3113;679
3114;686
3115;725
3116;707
3117;676
3118;728
3119;694
3120;716
3121;729
3122;757
3123;680
3124;679
3125;677
3126;672
3127;714
3128;709
3129;679
3130;689
3131;735
3132;683
3133;709
3134;715
3135;689
3136;708
3137;715
3138;730
3139;682
3140;698
3141;699
3142;717
3143;735
3144;676
3145;682
3146;765
3147;693
3148;693
3149;707
3150;711
3151;684
3152;693
3153;705
3154;676
3155;691
3156;706
3157;682
3158;695
3159;742
3160;677
3161;693
3162;725
3163;726
3164;675
3165;703
3166;724
3167;681
3168;1014
3169;2315
3170;997
3171;1048
3172;986
3173;688
3174;687
3175;752
3176;700
3177;681
3178;742
3179;730
3180;687
3181;731
3182;712
3183;753
3184;734
3185;702
3186;695
3187;719
3188;705
3189;743
3190;741
3191;757
3192;724
3193;715
3194;713
3195;766
3196;746
3197;732
3198;740
3199;722
3200;727
3201;754
3202;774
3203;706
3204;726
3205;718
3206;703
3207;745
3208;735
3209;755
3210;678
3211;681
3212;728
3213;678
3214;744
3215;710
3216;674
3217;896
3218;684
3219;681
3220;732
3221;736
3222;694
3223;678
3224;734
3225;709
3226;685
3227;728
3228;676
3229;673
3230;772
3231;703
3232;677
3233;725
3234;712
3235;701
3236;697
3237;705
3238;684
3239;684
3240;701
3241;697
3242;677
3243;763
3244;690
3245;681
3246;740
3247;716
3248;679
3249;713
3250;716
3251;683
3252;687
3253;684
3254;704
3255;687
3256;739
3257;685
3258;691
3259;748
3260;737
3261;679
3262;689
3263;758
3264;682
3265;689
3266;695
3267;841
3268;728
3269;724
3270;679
3271;689
3272;699
3273;737
3274;684
3275;708
3276;693
3277;682
3278;733
3279;702
3280;747
3281;726
3282;684
3283;680
3284;729
3285;734
3286;696
3287;678
3288;714
3289;687
3290;678
3291;737
3292;697
3293;676
3294;758
3295;689
3296;681
3297;740
3298;715
3299;676
3300;691
3301;732
3302;694
3303;694
3304;753
3305;699
3306;685
3307;767
3308;702
3309;688
3310;712
3311;713
3312;678
3313;677
3314;718
3315;677
3316;704
3317;716
3318;697
3319;685
3320;709
3321;675
3322;679
3323;701
3324;712
3325;676
3326;695
3327;707
3328;677
3329;708
3330;741
3331;705
3332;720
3333;705
3334;679
3335;692
3336;738
3337;715
3338;679
3339;722
3340;719
3341;673
3342;698
3343;736
3344;672
3345;725
3346;720
3347;677
3348;699
3349;752
3350;698
3351;679
3352;716
3353;724
3354;673
3355;692
3356;719
3357;674
3358;746
3359;720
3360;680
3361;697
3362;737
3363;707
3364;676
3365;729
3366;702
3367;678
3368;719
3369;678
3370;677
3371;778
3372;709
3373;676
3374;697
3375;710
3376;708
3377;685
3378;732
3379;702
3380;704
3381;742
3382;697
3383;701
3384;766
3385;684
3386;688
3387;743
3388;986
3389;833
3390;732
3391;703
3392;701
3393;758
3394;680
3395;726
3396;688
3397;681
3398;673
3399;766
3400;712
3401;733
3402;676
3403;676
3404;703
3405;718
3406;692
3407;746
3408;760
3409;671
3410;689
3411;722
3412;709
3413;674
3414;687
3415;708
3416;673
3417;695
3418;703
3419;670
3420;716
3421;796
3422;673
3423;682
3424;734
3425;734
3426;672
3427;709
3428;716
3429;672
3430;721
3431;704
3432;670
3433;702
3434;678
3435;695
3436;708
3437;737
3438;717
3439;678
3440;728
3441;726
3442;676
3443;736
3444;731
3445;684
3446;752
3447;729
3448;680
3449;725
3450;721
3451;672
3452;673
3453;701
3454;692
3455;687
3456;721
3457;699
3458;676
3459;766
3460;713
3461;688
3462;724
3463;730
3464;676
3465;680
3466;714
3467;691
3468;716
3469;755
3470;680
3471;714
3472;707
3473;686
3474;706
3475;732
3476;703
3477;684
3478;717
3479;713
3480;694
3481;678
3482;717
3483;672
3484;727
3485;709
3486;705
3487;697
3488;751
3489;681
3490;678
3491;708
3492;714
3493;702
3494;699
3495;710
3496;682
3497;780
3498;700
3499;710
3500;675
3501;715
3502;710
3503;741
3504;722
3505;680
3506;711
3507;723
3508;692
3509;677
3510;741
3511;701
3512;686
3513;680
3514;709
3515;738
3516;680
3517;709
3518;705
3519;682
3520;679
3521;681
3522;680
3523;713
3524;707
3525;681
3526;682
3527;692
3528;727
3529;683
3530;707
3531;702
3532;714
3533;685
3534;680
3535;680
3536;709
3537;699
3538;685
3539;680
3540;701
3541;723
3542;697
3543;702
3544;696
3545;684
3546;678
3547;680
3548;677
3549;720
3550;698
3551;693
3552;679
3553;698
3554;724
3555;680
3556;708
3557;702
3558;680
3559;678
3560;676
3561;682
3562;738
3563;721
3564;736
3565;717
3566;761
3567;730
3568;687
3569;764
3570;732
3571;704
3572;711
3573;818
3574;685
3575;730
3576;735
3577;681
3578;677
3579;723
3580;715
3581;804
3582;728
3583;704
3584;703
3585;678
3586;680
3587;697
3588;716
3589;721
3590;698
3591;706
3592;687
3593;687
3594;683
3595;709
3596;724
3597;721
3598;676
3599;707
3600;683
3601;708
3602;715
3603;713
3604;676
3605;696
3606;678
3607;678
3608;711
3609;717
3610;704
3611;676
3612;678
3613;688
3614;702
3615;722
3616;689
3617;675
3618;678
3619;681
3620;676
3621;709
3622;728
3623;718
3624;689
3625;683
3626;679
3627;708
3628;723
3629;693
3630;681
3631;674
3632;682
3633;678
3634;718
3635;711
3636;725
3637;676
3638;676
3639;677
3640;1019
3641;740
3642;692
3643;677
3644;754
3645;686
3646;684
3647;721
3648;697
3649;773
3650;679
3651;675
3652;711
3653;748
3654;714
3655;690
3656;742
3657;727
3658;679
3659;739
3660;692
3661;681
3662;746
3663;711
3664;678
3665;777
3666;721
3667;676
3668;675
3669;748
3670;675
3671;679
3672;725
3673;696
3674;773
3675;704
3676;677
3677;677
3678;808
3679;720
3680;673
3681;679
3682;730
3683;683
3684;719
3685;737
3686;680
3687;737
3688;717
3689;673
3690;698
3691;758
3692;716
3693;708
3694;704
3695;685
3696;714
3697;724
3698;721
3699;681
3700;767
3701;685
3702;685
3703;733
3704;742
3705;689
3706;683
3707;722
3708;679
3709;683
3710;742
3711;702
3712;674
3713;789
3714;694
3715;691
3716;722
3717;718
3718;673
3719;687
3720;718
3721;694
3722;711
3723;736
3724;674
3725;712
3726;710
3727;675
3728;680
3729;710
3730;720
3731;675
3732;702
3733;743
3734;703
3735;729
3736;734
3737;672
3738;710
3739;719
3740;680
3741;702
3742;758
3743;698
3744;712
3745;801
3746;717
3747;705
3748;741
3749;676
3750;674
3751;768
3752;711
3753;759
3754;751
3755;719
3756;678
3757;833
3758;826
3759;732
3760;794
3761;732
3762;673
3763;928
3764;706
3765;685
3766;738
3767;729
3768;675
3769;672
3770;743
3771;698
3772;739
3773;755
3774;670
3775;676
3776;767
3777;685
3778;690
3779;918
3780;689
3781;676
3782;723
3783;704
3784;703
3785;684
3786;704
3787;676
3788;752
3789;774
3790;674
3791;723
3792;720
3793;727
3794;686
3795;672
3796;704
3797;676
3798;650
3799;713
3800;722
3801;798
3802;761
3803;730
3804;676
3805;696
3806;709
3807;705
3808;736
3809;756
3810;756
3811;706
3812;716
3813;740
3814;728
3815;676
3816;673
3817;721
3818;709
3819;677
3820;685
3821;730
3822;673
3823;710
3824;728
3825;707
3826;742
3827;739
3828;677
3829;727
3830;772
3831;703
3832;677
3833;730
3834;684
3835;672
3836;737
3837;714
3838;678
3839;694
3840;675
3841;690
3842;752
3843;751
3844;728
3845;674
3846;716
3847;714
3848;686
3849;733
3850;687
3851;672
3852;740
3853;692
3854;676
3855;715
3856;713
3857;717
3858;676
3859;709
3860;694
3861;688
3862;739
3863;685
3864;679
3865;768
3866;698
3867;686
3868;713
3869;728
3870;679
3871;693
3872;722
3873;670
3874;708
3875;715
3876;687
3877;703
3878;716
3879;680
3880;697
3881;710
3882;736
3883;668
3884;694
3885;747
3886;670
3887;685
3888;719
3889;700
3890;719
3891;708
3892;670
3893;687
3894;732
3895;719
3896;676
3897;730
3898;739
3899;674
3900;700
3901;713
3902;712
3903;749
3904;734
3905;695
3906;701
3907;742
3908;676
3909;690
3910;676
3911;771
3912;695
3913;691
3914;696
3915;683
3916;710
3917;679
3918;674
3919;690
3920;724
3921;681
3922;685
3923;677
3924;711
3925;678
3926;709
3927;746
3928;686
3929;748
3930;684
3931;677
3932;691
3933;704
3934;702
3935;809
3936;712
3937;724
3938;1484
3939;966
3940;714
3941;695
3942;673
3943;689
3944;699
3945;672
3946;745
3947;665
3948;684
3949;672
3950;668
3951;665
3952;668
3953;690
3954;670
3955;661
3956;669
3957;672
3958;667
3959;661
3960;663
3961;659
3962;662
3963;665
3964;664
3965;668
3966;660
3967;689
3968;664
3969;665
3970;667
3971;664
3972;661
3973;663
3974;669
3975;659
3976;661
3977;665
3978;666
3979;661
3980;687
3981;664
3982;664
3983;664
3984;666
3985;673
3986;663
3987;665
3988;681
3989;674
3990;668
3991;665
3992;661
3993;664
3994;680
3995;671
3996;667
3997;665
3998;678
3999;659
4000;671
4001;680
4002;667
4003;666
4004;668
4005;669
4006;666
4007;756
4008;689
4009;666
4010;731
4011;652
4012;691
4013;666
4014;689
4015;676
4016;673
4017;669
4018;688
4019;683
4020;670
4021;672
4022;679
4023;678
4024;677
4025;669
4026;667
4027;687
4028;650
4029;667
4030;680
4031;709
4032;680
4033;685
4034;714
4035;667
4036;666
4037;674
4038;673
4039;674
4040;668
4041;684
4042;676
4043;673
4044;686
4045;679
4046;671
4047;729
4048;670
4049;660
4050;664
4051;661
4052;663
4053;662
4054;660
4055;660
4056;663
4057;660
4058;662
4059;662
4060;660
4061;665
4062;666
4063;664
4064;662
4065;661
4066;663
4067;663
4068;662
4069;665
4070;664
4071;666
4072;670
4073;682
4074;684
4075;661
4076;661
4077;667
4078;669
4079;672
4080;660
4081;664
4082;665
4083;665
4084;667
4085;669
4086;664
4087;661
4088;681
4089;669
4090;662
4091;666
4092;665
4093;669
4094;664
4095;663
4096;659
4097;676
4098;669
4099;662
4100;662
4101;675
4102;685
4103;664
4104;668
4105;666
4106;660
4107;663
4108;807
4109;706
4110;675
4111;667
4112;670
4113;675
4114;716
4115;669
4116;668
4117;769
4118;683
4119;699
4120;669
4121;685
4122;709
4123;670
4124;686
4125;672
4126;671
4127;712
4128;766
4129;675
4130;698
4131;695
4132;689
4133;673
4134;688
4135;676
4136;663
4137;667
4138;676
4139;709
4140;665
4141;667
4142;665
4143;666
4144;663
4145;664
4146;698
4147;660
4148;665
4149;677
4150;662
4151;663
4152;664
4153;662
4154;665
4155;681
4156;694
4157;663
4158;665
4159;660
4160;661
4161;662
4162;665
4163;665
4164;662
4165;689
4166;662
4167;665
4168;667
4169;679
4170;669
4171;674
4172;675
4173;687
4174;664
4175;661
4176;696
4177;664
4178;662
4179;660
4180;682
4181;701
4182;662
4183;668
4184;663
4185;661
4186;662
4187;680
4188;665
4189;672
4190;662
4191;661
4192;662
4193;662
4194;662
4195;689
4196;692
4197;664
4198;664
4199;663
4200;668
4201;668
4202;665
4203;686
4204;663
4205;665
4206;670
4207;661
4208;682
4209;679
4210;685
4211;662
4212;662
4213;675
4214;660
4215;663
4216;666
4217;661
4218;663
4219;685
4220;692
4221;693
4222;665
4223;677
4224;664
4225;662
4226;678
4227;688
4228;664
4229;665
4230;684
4231;673
4232;664
4233;662
4234;665
4235;677
4236;685
4237;684
4238;661
4239;663
4240;667
4241;661
4242;664
4243;674
4244;686
4245;661
4246;663
4247;662
4248;661
4249;689
4250;683
4251;675
4252;664
4253;665
4254;665
4255;660
4256;688
4257;667
4258;663
4259;663
4260;669
4261;660
4262;681
4263;663
4264;670
4265;666
4266;659
4267;684
4268;663
4269;662
4270;686
4271;663
4272;659
4273;662
4274;670
4275;665
4276;667
4277;669
4278;661
4279;670
4280;664
4281;683
4282;662
4283;661
4284;665
4285;665
4286;665
4287;665
4288;662
4289;678
4290;663
4291;676
4292;665
4293;682
4294;679
4295;664
4296;668
4297;674
4298;674
4299;676
4300;669
4301;667
4302;666
4303;672
4304;667
4305;664
4306;665
4307;666
4308;666
4309;666
4310;713
4311;717
4312;674
4313;665
4314;664
4315;667
4316;678
4317;667
4318;670
4319;666
4320;668
4321;678
4322;664
4323;665
4324;662
4325;663
4326;666
4327;668
4328;667
4329;702
4330;671
4331;663
4332;665
4333;668
4334;666
4335;664
4336;663
4337;671
4338;664
4339;663
4340;667
4341;665
4342;666
4343;670
4344;666
4345;664
4346;663
4347;665
4348;666
4349;660
4350;669
4351;665
4352;662
4353;666
4354;664
4355;662
4356;680
4357;666
4358;663
4359;662
4360;666
4361;668
4362;665
4363;664
4364;664
4365;665
4366;665
4367;667
4368;663
4369;662
4370;686
4371;663
4372;665
4373;666
4374;667
4375;665
4376;665
4377;664
4378;666
4379;664
4380;663
4381;668
4382;665
4383;668
4384;678
4385;665
4386;665
4387;663
4388;659
4389;663
4390;661
4391;666
4392;691
4393;666
4394;683
4395;685
4396;667
4397;682
4398;664
4399;665
4400;664
4401;685
4402;678
4403;683
4404;669
4405;675
4406;661
4407;661
4408;674
4409;662
4410;712
4411;689
4412;664
4413;664
4414;680
4415;683
4416;663
4417;660
4418;679
4419;664
4420;664
4421;689
4422;660
4423;662
4424;686
4425;682
4426;664
4427;666
4428;699
4429;666
4430;664
4431;661
4432;680
4433;663
4434;664
4435;688
4436;661
4437;693
4438;660
4439;664
4440;661
4441;665
4442;663
4443;669
4444;665
4445;690
4446;687
4447;665
4448;664
4449;663
4450;664
4451;672
4452;666
4453;665
4454;668
4455;683
4456;662
4457;663
4458;684
4459;663
4460;660
4461;674
4462;665
4463;661
4464;701
4465;683
4466;663
4467;666
4468;700
4469;663
4470;674
4471;662
4472;681
4473;675
4474;674
4475;676
4476;675
4477;664
4478;665
4479;679
4480;667
4481;677
4482;674
4483;667
4484;671
4485;665
4486;679
4487;668
4488;677
4489;698
4490;670
4491;709
4492;689
4493;777
4494;671
4495;669
4496;666
4497;689
4498;666
4499;663
4500;664
4501;667
4502;684
4503;665
4504;669
4505;664
4506;662
4507;664
4508;669
4509;696
4510;666
4511;663
4512;664
4513;688
4514;666
4515;668
4516;664
4517;663
4518;679
4519;661
4520;668
4521;665
4522;666
4523;667
4524;664
4525;663
4526;678
4527;665
4528;663
4529;668
4530;664
4531;687
4532;690
4533;681
4534;663
4535;677
4536;686
4537;663
4538;664
4539;668
4540;686
4541;663
4542;678
4543;664
4544;662
4545;667
4546;680
4547;665
4548;669
4549;684
4550;660
4551;664
4552;676
4553;668
4554;664
4555;664
4556;663
4557;664
4558;706
4559;672
4560;664
4561;668
4562;662
4563;660
4564;664
4565;661
4566;664
4567;667
4568;660
4569;673
4570;676
4571;664
4572;682
4573;661
4574;662
4575;679
4576;677
4577;662
4578;664
4579;673
4580;672
4581;663
4582;664
4583;676
4584;672
4585;705
4586;665
4587;663
4588;681
4589;680
4590;682
4591;680
4592;666
4593;669
4594;668
4595;664
4596;662
4597;664
4598;663
4599;794
4600;693
4601;742
4602;782
4603;718
4604;679
4605;682
4606;744
4607;723
4608;687
4609;681
4610;691
4611;726
4612;673
4613;677
4614;690
4615;748
4616;784
4617;692
4618;682
4619;964
4620;676
4621;711
4622;701
4623;682
4624;750
4625;707
4626;677
4627;677
4628;703
4629;712
4630;679
4631;699
4632;690
4633;689
4634;708
4635;711
4636;683
4637;741
4638;712
4639;679
4640;679
4641;720
4642;741
4643;676
4644;677
4645;680
4646;688
4647;749
4648;713
4649;685
4650;723
4651;756
4652;707
4653;679
4654;728
4655;708
4656;716
4657;705
4658;710
4659;717
4660;712
4661;680
4662;700
4663;728
4664;721
4665;754
4666;711
4667;676
4668;678
4669;686
4670;706
4671;706
4672;717
4673;719
4674;681
4675;833
4676;767
4677;709
4678;740
4679;723
4680;694
4681;703
4682;740
4683;701
4684;673
4685;699
4686;703
4687;686
4688;711
4689;708
4690;680
4691;736
4692;729
4693;673
4694;708
4695;747
4696;671
4697;679
4698;721
4699;685
4700;739
4701;744
4702;715
4703;677
4704;723
4705;710
4706;673
4707;689
4708;712
4709;673
4710;798
4711;778
4712;680
4713;728
4714;682
4715;732
4716;722
4717;729
4718;680
4719;1617
4720;708
4721;679
4722;681
4723;702
4724;688
4725;784
4726;684
4727;690
4728;739
4729;724
4730;675
4731;702
4732;744
4733;679
4734;686
4735;698
4736;697
4737;716
4738;751
4739;679
4740;699
4741;716
4742;700
4743;675
4744;705
4745;745
4746;680
4747;722
4748;731
4749;683
4750;696
4751;749
4752;680
4753;767
4754;701
4755;684
4756;680
4757;713
4758;692
4759;695
4760;733
4761;729
4762;676
4763;714
4764;674
4765;689
4766;724
4767;702
4768;678
4769;714
4770;741
4771;677
4772;704
4773;759
4774;681
4775;747
4776;716
4777;685
4778;712
4779;745
4780;705
4781;697
4782;714
4783;709
4784;694
4785;695
4786;704
4787;685
4788;757
4789;723
4790;678
4791;672
4792;739
4793;697
4794;675
4795;731
4796;710
4797;687
4798;725
4799;674
4800;675
4801;774
4802;704
4803;677
4804;691
4805;701
4806;706
4807;686
4808;720
4809;704
4810;710
4811;700
4812;695
4813;694
4814;751
4815;699
4816;706
4817;731
4818;742
4819;697
4820;695
4821;702
4822;680
4823;735
4824;705
4825;684
4826;756
4827;728
4828;675
4829;707
4830;732
4831;693
4832;707
4833;744
4834;895
4835;685
4836;721
4837;705
4838;695
4839;772
4840;678
4841;687
4842;727
4843;725
4844;687
4845;712
4846;719
4847;704
4848;697
4849;740
4850;697
4851;684
4852;743
4853;696
4854;689
4855;768
4856;749
4857;773
4858;740
4859;762
4860;696
4861;752
4862;690
4863;680
4864;790
4865;698
4866;674
4867;688
4868;730
4869;707
4870;677
4871;684
4872;706
4873;673
4874;742
4875;673
4876;1145
4877;751
4878;680
4879;699
4880;735
4881;725
4882;677
4883;693
4884;707
4885;677
4886;706
4887;729
4888;675
4889;725
4890;736
4891;674
4892;696
4893;748
4894;704
4895;677
4896;718
4897;731
4898;675
4899;722
4900;720
4901;675
4902;709
4903;693
4904;672
4905;750
4906;739
4907;688
4908;677
4909;732
4910;743
4911;683
4912;720
4913;720
4914;675
4915;780
4916;732
4917;700
4918;697
4919;733
4920;678
4921;722
4922;717
4923;675
4924;714
4925;771
4926;681
4927;700
4928;703
4929;699
4930;730
4931;746
4932;672
4933;677
4934;740
4935;705
4936;707
4937;691
4938;733
4939;678
4940;761
4941;728
4942;710
4943;712
4944;714
4945;709
4946;692
4947;716
4948;698
4949;702
4950;725
4951;684
4952;677
4953;767
4954;711
4955;691
4956;714
4957;715
4958;697
4959;713
4960;719
4961;678
4962;691
4963;700
4964;694
4965;680
4966;737
4967;674
4968;714
4969;740
4970;726
4971;693
4972;691
4973;706
4974;679
4975;731
4976;709
4977;728
4978;764
4979;688
4980;698
4981;704
4982;739
4983;716
4984;680
4985;688
4986;717
4987;679
4988;700
4989;748
4990;680
4991;755
4992;696
4993;691
4994;751
4995;715
4996;703
4997;678
4998;735
4999;982
5000;730
