count;dtLED
1;4
2;3
3;4
4;4
5;3
6;4
7;3
8;3
9;3
10;3
11;3
12;3
13;3
14;3
15;3
16;3
17;2
18;2
19;3
20;3
21;3
22;4
23;3
24;3
25;3
26;4
27;3
28;3
29;3
30;3
31;3
32;3
33;4
34;4
35;3
36;4
37;3
38;3
39;3
40;3
41;3
42;3
43;3
44;4
45;3
46;3
47;3
48;5
49;3
50;3
51;3
52;2
53;3
54;3
55;3
56;3
57;4
58;3
59;3
60;3
61;3
62;3
63;3
64;3
65;3
66;3
67;3
68;3
69;4
70;3
71;3
72;3
73;3
74;3
75;4
76;3
77;3
78;3
79;3
80;3
81;3
82;3
83;3
84;3
85;3
86;3
87;4
88;4
89;3
90;4
91;4
92;3
93;3
94;3
95;3
96;3
97;3
98;3
99;3
100;3
101;3
102;3
103;3
104;4
105;3
106;3
107;3
108;3
109;5
110;3
111;3
112;3
113;3
114;3
115;4
116;3
117;3
118;5
119;4
120;3
121;3
122;3
123;3
124;3
125;3
126;4
127;3
128;4
129;4
130;3
131;3
132;3
133;3
134;3
135;3
136;3
137;3
138;3
139;4
140;4
141;3
142;4
143;4
144;3
145;3
146;5
147;3
148;3
149;3
150;3
151;3
152;3
153;3
154;3
155;2
156;3
157;3
158;3
159;3
160;3
161;3
162;2
163;3
164;3
165;4
166;5
167;3
168;3
169;3
170;3
171;3
172;3
173;3
174;4
175;3
176;4
177;3
178;3
179;3
180;3
181;3
182;5
183;4
184;3
185;3
186;3
187;4
188;3
189;3
190;3
191;2
192;3
193;3
194;3
195;4
196;3
197;3
198;3
199;3
200;4
201;6
202;3
203;4
204;3
205;3
206;3
207;3
208;2
209;2
210;3
211;2
212;3
213;3
214;3
215;3
216;3
217;3
218;3
219;3
220;3
221;35
222;3
223;4
224;2
225;3
226;3
227;3
228;5
229;4
230;3
231;5
232;3
233;3
234;5
235;2
236;3
237;2
238;2
239;4
240;5
241;4
242;2
243;3
244;3
245;3
246;3
247;3
248;3
249;3
250;3
251;6
252;3
253;6
254;3
255;4
256;3
257;3
258;3
259;3
260;3
261;3
262;3
263;3
264;2
265;2
266;3
267;3
268;2
269;3
270;3
271;2
272;3
273;3
274;2
275;3
276;3
277;3
278;2
279;2
280;3
281;3
282;3
283;3
284;3
285;5
286;6
287;3
288;3
289;6
290;3
291;4
292;3
293;3
294;3
295;3
296;3
297;3
298;3
299;3
300;3
301;3
302;2
303;3
304;3
305;3
306;3
307;3
308;3
309;3
310;3
311;3
312;3
313;3
314;4
315;4
316;3
317;2
318;3
319;13
320;3
321;3
322;2
323;3
324;3
325;3
326;3
327;13
328;3
329;4
330;3
331;3
332;3
333;6
334;4
335;3
336;3
337;3
338;4
339;6
340;3
341;4
342;4
343;4
344;2
345;3
346;3
347;3
348;3
349;2
350;3
351;3
352;3
353;3
354;3
355;3
356;3
357;3
358;3
359;3
360;4
361;3
362;3
363;3
364;3
365;2
366;3
367;4
368;3
369;3
370;3
371;13
372;3
373;12
374;4
375;4
376;3
377;3
378;3
379;3
380;3
381;4
382;3
383;5
384;4
385;3
386;3
387;3
388;3
389;3
390;3
391;6
392;4
393;3
394;3
395;4
396;3
397;4
398;4
399;4
400;4
401;3
402;3
403;3
404;3
405;4
406;4
407;3
408;4
409;3
410;6
411;3
412;4
413;3
414;5
415;6
416;89
417;3
418;3
419;3
420;3
421;2
422;3
423;4
424;3
425;3
426;3
427;4
428;3
429;4
430;3
431;3
432;3
433;3
434;3
435;4
436;3
437;3
438;4
439;3
440;3
441;2
442;2
443;3
444;3
445;2
446;3
447;3
448;3
449;3
450;3
451;3
452;3
453;3
454;3
455;4
456;3
457;6
458;3
459;3
460;3
461;3
462;3
463;2
464;3
465;2
466;2
467;3
468;3
469;3
470;3
471;3
472;3
473;3
474;3
475;3
476;3
477;3
478;2
479;4
480;3
481;4
482;14
483;3
484;3
485;14
486;4
487;3
488;3
489;2
490;3
491;2
492;3
493;3
494;3
495;2
496;3
497;2
498;3
499;3
500;3
501;3
502;3
503;3
504;3
505;2
506;4
507;3
508;3
509;4
510;4
511;3
512;2
513;2
514;13
515;3
516;2
517;3
518;3
519;2
520;3
521;3
522;3
523;3
524;3
525;3
526;4
527;3
528;3
529;3
530;3
531;2
532;3
533;3
534;3
535;3
536;4
537;4
538;3
539;4
540;12
541;3
542;3
543;3
544;3
545;3
546;3
547;3
548;3
549;3
550;3
551;3
552;3
553;3
554;3
555;2
556;2
557;3
558;4
559;3
560;3
561;3
562;12
563;4
564;3
565;3
566;3
567;4
568;4
569;3
570;6
571;2
572;3
573;4
574;3
575;2
576;3
577;3
578;3
579;7
580;3
581;4
582;3
583;3
584;4
585;3
586;3
587;4
588;2
589;5
590;3
591;4
592;4
593;3
594;3
595;3
596;3
597;2
598;3
599;3
600;3
601;2
602;3
603;3
604;3
605;3
606;3
607;2
608;3
609;3
610;3
611;3
612;2
613;2
614;4
615;2
616;3
617;3
618;3
619;3
620;3
621;3
622;4
623;4
624;3
625;3
626;3
627;3
628;4
629;3
630;3
631;4
632;3
633;4
634;4
635;2
636;3
637;3
638;3
639;3
640;3
641;3
642;3
643;3
644;3
645;3
646;2
647;3
648;4
649;4
650;3
651;5
652;3
653;4
654;3
655;3
656;3
657;3
658;2
659;3
660;3
661;3
662;3
663;3
664;3
665;3
666;3
667;2
668;3
669;3
670;3
671;3
672;3
673;3
674;3
675;4
676;3
677;3
678;3
679;4
680;3
681;3
682;3
683;3
684;4
685;3
686;2
687;2
688;3
689;3
690;3
691;3
692;3
693;2
694;3
695;3
696;2
697;3
698;2
699;3
700;2
701;3
702;4
703;3
704;4
705;4
706;3
707;4
708;4
709;3
710;3
711;3
712;3
713;3
714;3
715;3
716;3
717;3
718;3
719;3
720;3
721;4
722;4
723;4
724;3
725;3
726;3
727;3
728;4
729;3
730;4
731;3
732;3
733;4
734;3
735;4
736;3
737;4
738;3
739;3
740;3
741;4
742;3
743;3
744;3
745;3
746;3
747;3
748;3
749;4
750;4
751;3
752;4
753;3
754;3
755;3
756;3
757;4
758;3
759;4
760;4
761;3
762;3
763;4
764;3
765;3
766;3
767;3
768;3
769;3
770;3
771;3
772;3
773;3
774;2
775;3
776;3
777;3
778;3
779;3
780;3
781;3
782;2
783;3
784;3
785;4
786;2
787;3
788;3
789;3
790;4
791;4
792;4
793;3
794;4
795;3
796;3
797;3
798;3
799;3
800;3
801;3
802;4
803;3
804;3
805;3
806;3
807;3
808;3
809;3
810;3
811;3
812;2
813;3
814;3
815;3
816;3
817;3
818;3
819;3
820;3
821;2
822;3
823;3
824;3
825;5
826;2
827;3
828;3
829;4
830;3
831;2
832;3
833;4
834;2
835;3
836;4
837;3
838;3
839;3
840;2
841;4
842;3
843;3
844;5
845;3
846;3
847;3
848;2
849;5
850;2
851;3
852;3
853;2
854;2
855;3
856;3
857;2
858;3
859;2
860;2
861;3
862;3
863;3
864;3
865;3
866;3
867;3
868;3
869;3
870;3
871;2
872;3
873;4
874;5
875;3
876;3
877;3
878;3
879;3
880;3
881;2
882;2
883;3
884;3
885;2
886;3
887;3
888;3
889;3
890;3
891;3
892;3
893;3
894;2
895;3
896;2
897;2
898;3
899;2
900;3
901;3
902;3
903;3
904;4
905;3
906;3
907;3
908;3
909;3
910;3
911;3
912;3
913;3
914;3
915;3
916;3
917;3
918;3
919;3
920;2
921;3
922;3
923;3
924;4
925;3
926;3
927;3
928;3
929;3
930;3
931;6
932;3
933;3
934;4
935;3
936;3
937;3
938;2
939;3
940;4
941;5
942;3
943;3
944;3
945;3
946;2
947;3
948;3
949;3
950;3
951;3
952;4
953;3
954;4
955;3
956;3
957;3
958;3
959;3
960;3
961;3
962;3
963;3
964;3
965;2
966;3
967;3
968;2
969;3
970;4
971;3
972;3
973;3
974;3
975;3
976;3
977;4
978;3
979;3
980;4
981;4
982;3
983;3
984;4
985;4
986;3
987;4
988;3
989;4
990;13
991;4
992;3
993;3
994;3
995;3
996;3
997;3
998;3
999;3
1000;3
1001;4
1002;4
1003;3
1004;3
1005;3
1006;3
1007;3
1008;3
1009;3
1010;3
1011;3
1012;6
1013;3
1014;3
1015;4
1016;3
1017;2
1018;2
1019;3
1020;3
1021;4
1022;3
1023;3
1024;3
1025;3
1026;3
1027;5
1028;2
1029;5
1030;3
1031;3
1032;3
1033;3
1034;2
1035;3
1036;3
1037;3
1038;2
1039;3
1040;3
1041;2
1042;3
1043;3
1044;3
1045;3
1046;3
1047;3
1048;3
1049;2
1050;4
1051;3
1052;3
1053;3
1054;4
1055;3
1056;3
1057;3
1058;3
1059;3
1060;3
1061;4
1062;3
1063;2
1064;3
1065;3
1066;2
1067;3
1068;4
1069;5
1070;3
1071;4
1072;3
1073;3
1074;3
1075;3
1076;3
1077;4
1078;3
1079;3
1080;3
1081;3
1082;3
1083;19
1084;3
1085;3
1086;4
1087;3
1088;4
1089;3
1090;4
1091;4
1092;5
1093;3
1094;3
1095;4
1096;4
1097;4
1098;4
1099;4
1100;3
1101;3
1102;5
1103;3
1104;3
1105;3
1106;20
1107;3
1108;3
1109;3
1110;2
1111;3
1112;15
1113;4
1114;3
1115;3
1116;3
1117;12
1118;2
1119;6
1120;3
1121;3
1122;2
1123;3
1124;4
1125;3
1126;3
1127;4
1128;4
1129;3
1130;3
1131;4
1132;3
1133;3
1134;5
1135;3
1136;3
1137;2
1138;3
1139;3
1140;3
1141;3
1142;2
1143;3
1144;3
1145;3
1146;3
1147;4
1148;3
1149;3
1150;9
1151;4
1152;4
1153;3
1154;3
1155;4
1156;3
1157;3
1158;2
1159;4
1160;2
1161;3
1162;4
1163;3
1164;3
1165;3
1166;3
1167;5
1168;3
1169;3
1170;3
1171;3
1172;3
1173;3
1174;3
1175;3
1176;3
1177;4
1178;3
1179;3
1180;3
1181;3
1182;3
1183;3
1184;4
1185;3
1186;3
1187;3
1188;4
1189;3
1190;4
1191;4
1192;3
1193;3
1194;3
1195;4
1196;3
1197;4
1198;3
1199;4
1200;3
1201;4
1202;3
1203;3
1204;3
1205;3
1206;3
1207;3
1208;3
1209;4
1210;3
1211;3
1212;3
1213;3
1214;5
1215;3
1216;5
1217;3
1218;3
1219;3
1220;4
1221;3
1222;4
1223;3
1224;12
1225;3
1226;3
1227;3
1228;3
1229;2
1230;2
1231;3
1232;3
1233;3
1234;3
1235;3
1236;3
1237;3
1238;3
1239;3
1240;3
1241;3
1242;4
1243;3
1244;3
1245;2
1246;4
1247;4
1248;3
1249;4
1250;3
1251;4
1252;5
1253;3
1254;3
1255;3
1256;4
1257;3
1258;3
1259;3
1260;4
1261;13
1262;3
1263;3
1264;3
1265;4
1266;3
1267;3
1268;4
1269;3
1270;3
1271;4
1272;3
1273;76
1274;5
1275;4
1276;3
1277;4
1278;4
1279;3
1280;4
1281;3
1282;4
1283;3
1284;3
1285;3
1286;3
1287;3
1288;3
1289;4
1290;4
