count;dtLSM
1;2104
2;1529
3;1493
4;1348
5;1464
6;1419
7;1444
8;1449
9;1428
10;1415
11;1475
12;1422
13;1434
14;1443
15;1455
16;1437
17;1438
18;1447
19;1423
20;1446
21;1451
22;1419
23;1465
24;1511
25;1502
26;1385
27;1548
28;1531
29;1506
30;1378
31;1373
32;1520
33;1496
34;1383
35;1494
36;1497
37;1502
38;1506
39;1357
40;1498
41;1481
42;1509
43;1427
44;1468
45;1503
46;1504
47;1398
48;1348
49;1465
50;1415
51;1409
52;1458
53;1346
54;1434
55;1425
56;1456
57;1411
58;1416
59;1405
60;1465
61;1410
62;1420
63;1420
64;1410
65;1462
66;1455
67;1349
68;1411
69;1417
70;1566
71;1566
72;1543
73;1547
74;1554
75;1541
76;1559
77;1485
78;1461
79;1421
80;1572
81;1392
82;1392
83;1501
84;1412
85;1399
86;1603
87;1573
88;1455
89;1466
90;1525
91;1609
92;1457
93;1447
94;1442
95;1423
96;1434
97;1484
98;1547
99;1547
100;1599
101;1466
102;1460
103;1550
104;1555
105;1403
106;1564
107;1510
108;1387
109;1418
110;1423
111;1415
112;1429
113;1424
114;1472
115;1479
116;1412
117;1355
118;1422
119;1406
120;1423
121;1553
122;1442
123;1458
124;1429
125;1426
126;1405
127;1437
128;1488
129;1417
130;1474
131;1489
132;1492
133;1486
134;1392
135;1556
136;1408
137;1431
138;1428
139;1420
140;1486
141;1428
142;1419
143;1461
144;1583
145;1453
146;1583
147;1544
148;1578
149;1535
150;1449
151;1583
152;1499
153;1550
154;1404
155;1397
156;1433
157;1491
158;1435
159;1473
160;1707
161;1422
162;1512
163;1622
164;1452
165;1468
166;1520
167;1550
168;1503
169;1455
170;1517
171;1544
172;1548
173;1446
174;1485
175;1552
176;1560
177;1450
178;1452
179;1422
180;1550
181;1469
182;1565
183;1494
184;1573
185;1534
186;1539
187;1454
188;1458
189;1482
190;1403
191;1423
192;1466
193;1549
194;1578
195;1465
196;1460
197;1472
198;1425
199;1490
200;1439
201;1456
202;1545
203;1507
204;1490
205;1559
206;1480
207;1521
208;1504
209;1462
210;1601
211;1433
212;1413
213;1414
214;1434
215;1448
216;1413
217;1539
218;1478
219;1525
220;1485
221;1493
222;1487
223;1522
224;1488
225;1530
226;1545
227;1523
228;1490
229;1561
230;1411
231;1436
232;1419
233;1420
234;1464
235;1468
236;1435
237;1414
238;1431
239;1426
240;1541
241;1516
242;1534
243;1554
244;1493
245;1503
246;1514
247;1570
248;1592
249;1488
250;1554
251;1496
252;1558
253;1502
254;1493
255;1504
256;1445
257;1496
258;1500
259;1488
260;1521
261;1497
262;1467
263;1515
264;1518
265;1516
266;1549
267;1559
268;1540
269;1510
270;1528
271;1509
272;1560
273;1557
274;1511
275;1508
276;1513
277;1510
278;1599
279;1554
280;1572
281;1521
282;1529
283;1532
284;1574
285;1537
286;1510
287;1504
288;1513
289;1516
290;1561
291;1554
292;1505
293;1518
294;1551
295;1554
296;1538
297;1528
298;1523
299;1515
300;1512
301;1606
302;1520
303;1515
304;1524
305;1501
306;1498
307;1488
308;1648
309;1519
310;1580
311;1466
312;1392
313;1445
314;1425
315;1406
316;1407
317;1430
318;1458
319;1402
320;1421
321;1646
322;1501
323;1471
324;1493
325;1516
326;1504
327;1496
328;1523
329;1551
330;1500
331;1514
332;1511
333;1783
334;1522
335;1515
336;1491
337;1502
338;1520
339;1579
340;1511
341;1512
342;1517
343;1485
344;1518
345;1543
346;1494
347;1543
348;1492
349;1572
350;1549
351;1509
352;1398
353;1438
354;1398
355;1400
356;1408
357;1458
358;1396
359;1401
360;1411
361;1464
362;1384
363;1449
364;1422
365;1398
366;1444
367;1447
368;1574
369;1407
370;1413
371;1425
372;1446
373;1404
374;1467
375;1398
376;1405
377;1451
378;1429
379;1404
380;1395
381;1396
382;1404
383;1533
384;1562
385;1498
386;1519
387;1524
388;1514
389;1537
390;1502
391;1569
392;1499
393;1497
394;1491
395;1497
396;1520
397;1498
398;1491
399;1534
400;1548
401;1521
402;1493
403;1565
404;1505
405;1504
406;1494
407;1478
408;1496
409;1497
410;1516
411;1518
412;1507
413;1492
414;1495
415;1487
416;1613
417;1449
418;1404
419;1398
420;1406
421;1532
422;1427
423;1447
424;1441
425;1428
426;1407
427;1472
428;1401
429;1404
430;1437
431;1454
432;1560
433;1459
434;1424
435;1406
436;1403
437;1440
438;1399
439;1400
440;1411
441;1438
442;1404
443;1400
444;1385
445;1417
446;1426
447;1406
448;1475
449;1398
450;1404
451;1450
452;1462
453;1395
454;1404
455;1422
456;1420
457;1399
458;1400
459;1425
460;1400
461;1408
462;1419
463;1422
464;1403
465;1401
466;1450
467;1398
468;1402
469;1414
470;1442
471;1400
472;1440
473;1428
474;1416
475;1403
476;1417
477;1417
478;1407
479;1411
480;1427
481;1463
482;1486
483;1440
484;1430
485;1412
486;1397
487;1402
488;1449
489;1518
490;1518
491;1549
492;1499
493;1493
494;1496
495;1536
496;1528
497;1505
498;1492
499;1497
500;1513
501;1460
502;1488
503;1491
504;1490
505;1519
506;1492
507;1508
508;1513
509;1447
510;1408
511;1386
512;1464
513;1397
514;1403
515;1397
516;1415
517;1393
518;1399
519;1446
520;1412
521;1401
522;1391
523;1450
524;1402
525;1404
526;1433
527;1437
528;1398
529;1396
530;1407
531;1415
532;1450
533;1372
534;1476
535;1456
536;1379
537;1497
538;1417
539;1393
540;1628
541;1542
542;1398
543;1394
544;1568
545;1392
546;1515
547;1531
548;1616
549;1661
550;1407
551;3650
552;1517
553;1393
554;1529
555;1523
556;1399
557;1383
558;1397
559;1399
560;1409
561;1388
562;1397
563;1393
564;1395
565;1395
566;1403
567;1379
568;1501
569;1366
570;1459
571;1403
572;1426
573;1371
574;1373
575;1376
576;1501
577;1381
578;1373
579;1376
580;1448
581;1498
582;1508
583;1510
584;1491
585;1494
586;1494
587;1523
588;1565
589;1405
590;1375
591;1402
592;1396
593;1455
594;1398
595;1395
596;1392
597;1395
598;1525
599;1397
600;1400
601;1487
602;1631
603;1631
604;1616
605;1621
606;1524
607;1491
608;1487
609;1490
610;1491
611;1486
612;1643
613;1495
614;1486
615;1539
616;1532
617;1491
618;1492
619;1485
620;1477
621;1531
622;1623
623;1519
624;1393
625;1516
626;1370
627;1500
628;1371
629;1396
630;1371
631;1390
632;1386
633;1497
634;1504
635;1407
636;1369
637;1367
638;1369
639;1365
640;1374
641;1376
642;1476
643;1507
644;1493
645;1633
646;1490
647;1535
648;1519
649;1485
650;1612
651;1670
652;1641
653;1491
654;1624
655;1513
656;1387
657;1507
658;1399
659;1464
660;1508
661;1494
662;1492
663;1373
664;1403
665;1371
666;1370
667;1376
668;1378
669;1367
670;1459
671;1539
672;1380
673;1373
674;1447
675;1496
676;1530
677;1550
678;1615
679;1498
680;1395
681;1389
682;1513
683;1506
684;1369
685;1372
686;1371
687;1414
688;1510
689;1373
690;1370
691;1372
692;1370
693;1370
694;1508
695;1373
696;1371
697;1406
698;1369
699;1375
700;1386
701;1376
702;1379
703;1406
704;1368
705;1383
706;1412
707;1376
708;1369
709;1374
710;1371
711;1501
712;1369
713;1373
714;1375
715;1372
716;1367
717;1370
718;1375
719;1372
720;1391
721;1371
722;1407
723;1376
724;1411
725;1370
726;1377
727;1508
728;1371
729;1380
730;1395
731;1380
732;1514
733;1506
734;1394
735;1333
736;1386
737;1387
738;1390
739;1509
740;1375
741;1406
742;1369
743;1372
744;1368
745;1376
746;1378
747;1371
748;1371
749;1381
750;1375
751;1369
752;1389
753;1436
754;1379
755;1434
756;1382
757;1527
758;1428
759;1375
760;1372
761;1370
762;1371
763;1373
764;1388
765;1420
766;1409
767;1555
768;1391
769;1374
770;1370
771;1380
772;1370
773;1403
774;1374
775;1377
776;1367
777;1389
778;1378
779;1373
780;1376
781;1500
782;1386
783;1387
784;1379
785;1404
786;1393
787;1410
788;1372
789;1374
790;1369
791;1377
792;1374
793;1382
794;1384
795;1381
796;1367
797;1382
798;1397
799;1385
800;1380
801;1417
802;1386
803;1502
804;1373
805;1369
806;1369
807;1391
808;1386
809;1422
810;1379
811;1379
812;1378
813;1452
814;1415
815;1367
816;1394
817;1371
818;1382
819;1421
820;1377
821;1507
822;1372
823;1369
824;1373
825;1416
826;1496
827;1511
828;1374
829;1506
830;1376
831;1400
832;1392
833;1382
834;1370
835;1372
836;1374
837;1392
838;1369
839;1380
840;1367
841;1368
842;1368
843;1371
844;1365
845;1372
846;1365
847;1367
848;1369
849;1393
850;1377
851;1369
852;1368
853;1370
854;1496
855;1357
856;1441
857;1479
858;1489
859;1529
860;1654
861;1633
862;1655
863;1527
864;1624
865;1630
866;1494
867;1659
868;1561
869;1640
870;1382
871;1555
872;1512
873;1498
874;1501
875;1501
876;1371
877;1371
878;1368
879;1375
880;1373
881;1498
882;1382
883;1380
884;1500
885;1511
886;1366
887;1368
888;1502
889;1368
890;1369
891;1498
892;1499
893;1497
894;1506
895;1496
896;1363
897;1369
898;1501
899;1365
900;1501
901;1499
902;1499
903;1495
904;1497
905;1492
906;1369
907;1365
908;1366
909;1567
910;1551
911;1406
912;1383
913;1376
914;1367
915;1504
916;1362
917;1504
918;1523
919;1374
920;1510
921;1504
922;1510
923;1481
924;1520
925;1499
926;1369
927;1371
928;1369
929;1499
930;1414
931;1380
932;1475
933;1629
934;1496
935;1629
936;1621
937;1486
938;1616
939;1656
940;1487
941;1623
942;1482
943;1622
944;1625
945;1488
946;1621
947;1613
948;1619
949;1624
950;1486
951;1620
952;1615
953;1624
954;1482
955;1631
956;1487
957;1624
958;1621
959;1482
960;1498
961;1492
962;1623
963;1622
964;1626
965;1489
966;1649
967;1650
968;1627
969;1495
970;1646
971;1513
972;1548
973;1567
974;1635
975;1513
976;1387
977;1380
978;1365
979;1370
980;1374
981;1501
982;1364
983;1504
984;1499
985;1367
986;1367
987;1371
988;1494
989;1372
990;1553
991;1370
992;1372
993;1493
994;1368
995;1498
996;1431
997;1499
998;1503
999;1502
1000;1363
1001;1456
1002;1491
1003;1528
1004;1544
1005;1542
1006;1493
1007;1493
1008;1533
1009;1571
1010;1471
1011;1470
1012;1487
1013;1474
1014;1481
1015;1489
1016;1480
1017;1488
1018;1461
1019;1559
1020;1528
1021;1525
1022;1504
1023;1538
1024;1509
1025;1556
1026;1483
1027;1481
1028;1528
1029;1514
1030;1493
1031;1499
1032;1481
1033;1485
1034;1487
1035;1487
1036;1484
1037;1480
1038;1482
1039;1534
1040;1492
1041;1477
1042;1531
1043;1489
1044;1481
1045;1465
1046;1533
1047;1361
1048;1392
1049;1383
1050;1392
1051;1506
1052;1492
1053;1476
1054;1477
1055;1512
1056;1559
1057;1559
1058;1618
1059;1677
1060;1658
1061;1612
1062;1616
1063;1617
1064;1493
1065;1664
1066;1659
1067;1635
1068;1389
1069;1520
1070;1507
1071;1505
1072;1390
1073;1368
1074;1376
1075;1498
1076;1487
1077;1512
1078;1507
1079;1501
1080;1506
1081;1508
1082;1504
1083;1531
1084;1504
1085;1505
1086;1503
1087;1407
1088;1371
1089;1444
1090;1508
1091;1680
1092;1494
1093;1559
1094;1481
1095;1493
1096;1553
1097;1489
1098;1525
1099;1532
1100;1547
1101;1508
1102;1619
1103;1640
1104;1496
1105;1408
1106;1449
1107;1506
1108;1387
1109;1506
1110;1504
1111;1478
1112;1511
1113;1507
1114;1583
1115;1445
1116;1567
1117;1522
1118;1471
1119;1566
1120;1486
1121;1518
1122;1515
1123;1488
1124;1513
1125;1494
1126;1654
1127;1489
1128;1521
1129;1560
1130;1617
1131;1618
1132;1656
1133;1486
1134;1686
1135;1536
1136;1499
1137;1552
1138;1528
1139;1624
1140;1486
1141;1493
1142;1505
1143;1433
1144;1445
1145;1457
1146;1435
1147;1480
1148;1481
1149;1449
1150;1580
1151;1525
1152;1562
1153;1523
1154;1534
1155;1484
1156;1547
1157;1494
1158;1530
1159;1496
1160;1539
1161;1601
1162;1519
1163;1491
1164;1525
1165;1671
1166;1622
1167;1489
1168;1511
1169;1369
1170;1496
1171;1405
1172;1510
1173;1507
1174;1367
1175;1504
1176;1376
1177;1478
1178;1491
1179;1499
1180;1494
1181;1496
1182;1495
1183;1367
1184;1542
1185;1501
1186;1500
1187;1393
1188;1374
1189;1386
1190;1511
1191;1505
1192;1500
1193;1420
1194;1524
1195;1378
1196;1488
1197;1374
1198;1402
1199;1498
1200;1530
1201;1371
1202;1382
1203;1372
1204;1369
1205;1370
1206;1371
1207;1371
1208;1507
1209;1370
1210;1372
1211;1379
1212;1371
1213;1449
1214;1631
1215;1494
1216;1495
1217;1490
1218;1496
1219;1491
1220;1496
1221;1489
1222;1513
1223;1532
1224;1512
1225;1511
1226;1384
1227;1392
1228;1375
1229;1375
1230;1374
1231;1375
1232;1377
1233;1370
1234;1374
1235;1384
1236;1380
1237;1499
1238;1497
1239;1513
1240;1495
1241;1380
1242;1387
1243;1508
1244;1514
1245;1375
1246;1531
1247;1377
1248;1546
1249;1514
1250;1500
1251;1530
1252;1510
1253;1530
1254;1394
1255;1526
1256;1412
1257;1447
1258;1466
1259;1519
1260;1438
1261;1467
1262;1444
1263;1513
1264;1654
1265;1533
1266;1496
1267;1531
1268;1525
1269;1523
1270;1508
1271;1485
1272;1559
1273;1460
1274;1509
1275;1492
1276;1516
1277;1494
1278;1522
1279;1559
1280;1489
1281;1487
1282;1514
1283;1514
1284;1564
1285;1567
1286;1474
1287;1483
1288;1491
1289;1453
1290;1534
1291;1473
1292;1474
1293;1472
1294;1491
1295;1498
1296;1500
1297;1516
1298;1515
1299;1369
1300;1504
1301;1503
1302;1526
1303;1534
1304;1505
1305;1497
1306;1391
1307;1501
1308;1371
1309;1502
1310;1377
1311;1371
1312;1372
1313;1515
1314;1499
1315;1367
1316;1366
1317;1496
1318;1377
1319;1403
1320;1500
1321;1366
1322;1393
1323;1499
1324;1499
1325;1533
1326;1383
1327;1405
1328;1480
1329;1514
1330;1402
1331;1496
1332;1373
1333;1371
1334;1501
1335;1494
1336;1498
1337;1533
1338;1368
1339;1374
1340;1370
1341;1495
1342;1373
1343;1507
1344;1379
1345;1374
1346;1497
1347;1372
1348;1372
1349;1511
1350;1373
1351;1503
1352;1496
1353;1380
1354;1502
1355;1526
1356;1513
1357;1373
1358;1388
1359;1386
1360;1518
1361;1369
1362;1502
1363;1496
1364;1370
1365;1483
1366;1495
1367;1501
1368;1497
1369;1500
1370;1498
1371;1498
1372;1391
1373;1492
1374;1498
1375;1498
1376;1496
1377;1498
1378;1494
1379;1503
1380;1501
1381;1366
1382;1494
1383;1514
1384;1512
1385;1469
1386;1623
1387;1626
1388;1504
1389;1554
1390;1473
1391;1502
1392;1606
1393;1545
1394;1483
1395;1543
1396;1519
1397;1447
1398;1520
1399;1561
1400;1437
1401;1493
1402;1446
1403;1501
1404;1456
1405;1510
1406;1492
1407;1495
1408;1497
1409;1521
1410;1525
1411;1529
1412;1475
1413;1523
1414;1411
1415;1447
1416;1406
1417;1400
1418;1392
1419;1393
1420;1511
1421;1465
1422;1462
1423;1450
1424;1447
1425;1493
1426;1499
1427;1532
1428;1403
1429;1398
1430;1399
1431;1522
1432;1395
1433;1410
1434;1459
1435;1421
1436;1496
1437;1497
1438;1556
1439;1467
1440;1458
1441;1453
1442;1449
1443;1510
1444;1483
1445;1443
1446;1493
1447;1495
1448;1514
1449;1523
1450;1410
1451;1400
1452;1452
1453;1452
1454;1535
1455;1619
1456;1693
1457;1501
1458;1501
1459;1500
1460;1508
1461;1501
1462;1463
1463;1504
1464;1488
1465;1496
1466;1551
1467;1471
1468;1535
1469;1488
1470;1489
1471;1486
1472;1525
1473;1410
1474;1518
1475;1520
1476;1459
1477;1615
1478;1468
1479;1504
1480;1536
1481;1438
1482;1521
1483;1506
1484;1506
1485;1510
1486;1483
1487;1431
1488;1479
1489;1492
1490;1429
1491;1433
1492;1564
1493;1434
1494;1432
1495;1471
1496;1519
1497;1515
1498;1396
1499;1503
1500;1518
1501;1519
1502;1397
1503;1403
1504;1482
1505;1452
1506;1468
1507;1489
1508;1436
1509;1523
1510;1480
1511;1471
1512;1487
1513;1476
1514;1559
1515;1525
1516;1524
1517;1399
1518;1444
1519;1522
1520;1522
1521;1537
1522;1494
1523;1513
1524;1530
1525;1480
1526;1543
1527;1495
1528;1474
1529;1516
1530;1544
1531;1495
1532;1545
1533;1486
1534;1527
1535;1528
1536;1542
1537;1539
1538;1551
1539;1547
1540;1528
1541;1526
1542;1522
1543;1493
1544;1550
1545;1511
1546;1658
1547;1517
1548;1561
1549;1524
1550;1437
1551;1443
1552;1614
1553;1462
1554;1483
1555;1448
1556;1445
1557;1448
1558;1527
1559;1518
1560;1563
1561;1496
1562;1499
1563;1451
1564;1408
1565;1410
1566;1501
1567;1505
1568;1445
1569;1518
1570;1495
1571;1523
1572;1469
1573;1480
1574;1503
1575;1400
1576;1399
1577;1401
1578;1561
1579;1509
1580;1544
1581;1552
1582;1636
1583;1549
1584;1442
1585;1478
1586;1429
1587;1445
1588;1484
1589;1606
1590;1571
1591;1506
1592;1589
1593;1478
1594;1569
1595;1457
1596;1455
1597;1574
1598;1508
1599;1546
1600;1381
1601;1560
1602;1453
1603;1483
1604;1374
1605;1566
1606;1460
1607;1519
1608;1570
1609;1505
1610;1419
1611;1473
1612;1567
1613;1452
1614;1471
1615;1375
1616;1522
1617;1449
1618;1517
1619;1466
1620;1454
1621;1461
1622;1471
1623;1440
1624;1440
1625;1477
1626;1472
1627;1441
1628;1471
1629;1511
1630;1444
1631;1453
1632;1494
1633;1448
1634;1464
1635;1474
1636;1461
1637;1440
1638;1375
1639;1503
1640;1432
1641;1530
1642;1455
1643;1461
1644;1467
1645;1565
1646;1491
1647;1500
1648;1545
1649;1486
1650;1561
1651;1498
1652;1480
1653;1521
1654;1515
1655;1473
1656;1455
1657;1434
1658;1507
1659;1446
1660;1435
1661;1446
1662;1464
1663;1427
1664;1570
1665;1478
1666;1494
1667;1523
1668;1543
1669;1585
1670;1493
1671;1524
1672;1441
1673;1484
1674;1563
1675;1491
1676;1477
1677;1543
1678;1523
1679;1486
1680;1489
1681;1555
1682;1571
1683;1654
1684;1450
1685;1485
1686;1438
1687;1441
1688;1484
1689;1553
1690;1523
1691;1440
1692;1468
1693;1443
1694;1443
1695;1371
1696;1446
1697;1377
1698;1468
1699;1451
1700;1509
1701;1453
1702;1462
1703;1468
1704;1370
1705;1490
1706;1442
1707;1445
1708;1475
1709;1440
1710;1481
1711;1467
1712;1478
1713;1459
1714;1463
1715;1443
1716;1432
1717;1478
1718;1449
1719;1471
1720;1493
1721;1442
1722;1425
1723;1380
1724;1483
1725;1437
1726;1466
1727;1458
1728;1445
1729;1448
1730;1375
1731;1453
1732;1486
1733;1452
1734;1436
1735;1434
1736;1557
1737;1497
1738;1535
1739;1517
1740;1524
1741;1525
1742;1579
1743;1518
1744;1587
1745;1485
1746;1532
1747;1595
1748;1498
1749;1450
1750;1438
1751;1385
1752;1449
1753;1438
1754;1478
1755;1444
1756;1464
1757;1490
1758;1482
1759;1442
1760;1433
1761;1371
1762;1484
1763;1463
1764;1473
1765;1437
1766;1438
1767;1463
1768;1411
1769;1477
1770;1381
1771;1375
1772;1373
1773;1387
1774;1514
1775;1508
1776;1480
1777;1400
1778;1383
1779;1496
1780;1498
1781;1507
1782;1373
1783;1493
1784;1499
1785;1401
1786;1506
1787;1486
1788;1478
1789;1532
1790;1507
1791;1506
1792;1493
1793;1399
1794;1394
1795;1945
1796;1518
1797;1492
1798;1435
1799;1424
1800;1499
1801;1505
1802;1519
1803;1389
1804;1385
1805;1377
1806;1507
1807;1510
1808;1500
1809;1379
1810;1425
1811;1513
1812;1478
1813;1381
1814;1537
1815;1513
1816;1405
1817;1496
1818;1392
1819;1348
1820;1366
1821;1480
1822;1446
1823;1388
1824;1441
1825;1497
1826;1520
1827;1513
1828;1503
1829;1427
1830;1514
1831;1549
1832;1523
1833;1505
1834;1490
1835;1513
1836;1422
1837;1388
1838;1380
1839;1399
1840;1509
1841;1511
1842;1487
1843;1405
1844;1388
1845;1486
1846;1541
1847;1490
1848;1514
1849;1470
1850;1531
1851;1410
1852;1512
1853;1534
1854;1417
1855;1502
1856;1398
1857;1510
1858;1432
1859;1355
1860;1460
1861;1431
1862;1424
1863;1467
1864;1460
1865;1410
1866;1451
1867;1408
1868;1433
1869;1449
1870;1389
1871;1403
1872;1392
1873;1462
1874;1456
1875;1466
1876;1499
1877;1474
1878;1410
1879;1491
1880;1464
1881;1478
1882;1477
1883;1487
1884;1486
1885;1455
1886;1481
1887;1426
1888;1531
1889;1510
1890;1473
1891;1424
1892;1481
1893;1423
1894;1449
1895;1479
1896;1498
1897;1430
1898;1534
1899;1509
1900;1524
1901;1548
1902;1596
1903;1554
1904;1497
1905;1566
1906;1518
1907;1533
1908;1509
1909;1494
1910;1493
1911;1510
1912;1467
1913;1466
1914;1470
1915;1441
1916;1468
1917;1463
1918;1525
1919;1450
1920;1439
1921;1470
1922;1533
1923;1476
1924;1424
1925;1483
1926;1505
1927;1473
1928;1455
1929;1532
1930;1486
1931;1521
1932;1434
1933;1527
1934;1495
1935;1486
1936;1387
1937;1361
1938;1448
1939;1483
1940;1499
1941;1486
1942;1519
1943;1526
1944;1524
1945;1518
1946;1521
1947;1533
1948;1444
1949;1489
1950;1474
1951;1524
1952;1476
1953;1545
1954;1449
1955;1466
1956;1581
1957;1523
1958;1365
1959;1519
1960;1494
1961;1494
1962;1461
1963;1477
1964;1472
1965;1520
1966;1445
1967;1480
1968;1533
1969;1488
1970;1452
1971;1444
1972;1526
1973;1551
1974;1455
1975;1456
1976;1468
1977;1498
1978;1484
1979;1486
1980;1478
1981;1483
1982;1427
1983;1462
1984;1566
1985;1461
1986;1536
1987;1502
1988;1543
1989;1502
1990;1535
1991;1529
1992;1522
1993;1538
1994;1464
1995;1502
1996;1502
1997;1524
1998;1545
1999;1497
2000;1568
2001;1554
2002;1457
2003;1473
2004;1476
2005;1495
2006;1496
2007;1503
2008;1452
2009;1507
2010;1441
2011;1437
2012;1394
2013;1497
2014;1495
2015;1500
2016;1445
2017;1477
2018;2190
2019;1665
2020;1635
2021;1604
2022;1460
2023;1452
2024;1606
2025;1612
2026;1734
2027;1592
2028;1595
2029;1621
2030;1544
2031;1570
2032;1457
2033;1645
2034;1618
2035;1618
2036;1568
2037;1728
2038;1604
2039;1646
2040;1624
2041;1627
2042;1561
2043;1490
2044;1607
2045;1652
2046;1441
2047;1542
2048;1649
2049;1516
2050;1618
2051;1615
2052;1460
2053;1460
2054;1522
2055;1538
2056;1429
2057;1534
2058;1528
2059;1521
2060;1453
2061;1391
2062;1571
2063;1505
2064;1513
2065;1545
2066;1528
2067;1534
2068;1514
2069;1469
2070;1463
2071;1487
2072;1526
2073;1659
2074;1509
2075;1435
2076;1689
2077;1635
2078;1582
2079;1585
2080;1688
2081;1706
2082;1671
2083;1627
2084;1517
2085;1707
2086;1665
2087;1488
2088;1616
2089;1676
2090;1682
2091;1624
2092;1699
2093;1465
2094;1511
2095;1456
2096;1440
2097;1537
2098;1535
2099;1475
2100;1500
2101;1539
2102;1511
2103;1374
2104;1491
2105;1519
2106;1748
2107;1609
2108;1617
2109;1619
2110;1680
2111;1588
2112;1622
2113;1483
2114;1568
2115;1397
2116;1461
2117;1471
2118;1502
2119;1441
2120;1409
2121;1519
2122;1613
2123;1596
2124;1511
2125;1691
2126;1694
2127;1482
2128;2340
2129;1700
2130;1630
2131;1610
2132;1791
2133;1626
2134;1637
2135;1628
2136;1558
2137;1631
2138;1634
2139;1671
2140;1658
2141;1616
2142;1510
2143;1553
2144;1591
2145;1466
2146;1532
2147;1523
2148;1530
2149;1479
2150;1487
2151;1527
2152;1467
2153;1549
2154;1480
2155;1519
2156;1616
2157;1572
2158;1565
2159;1649
2160;1503
2161;1611
2162;1403
2163;1458
2164;1628
2165;1493
2166;1653
2167;1578
2168;1491
2169;1545
2170;1546
2171;1670
2172;1597
2173;1498
2174;1576
2175;1561
2176;1596
2177;1620
2178;1624
2179;1813
2180;1583
2181;1711
2182;1688
2183;1574
2184;1519
2185;1632
2186;1539
2187;1625
2188;1431
2189;1473
2190;1495
2191;1653
2192;1488
2193;1595
2194;1573
2195;1574
2196;1622
2197;1522
2198;1563
2199;1517
2200;1540
2201;1519
2202;1438
2203;1647
2204;1517
2205;1546
2206;1540
2207;1621
2208;1603
2209;1506
2210;1510
2211;1607
2212;1462
2213;1647
2214;1497
2215;1425
2216;1523
2217;1487
2218;1629
2219;1448
2220;1632
2221;1550
2222;1487
2223;1555
2224;1510
2225;1673
2226;1672
2227;1740
2228;1527
2229;1612
2230;1517
2231;1498
2232;1623
2233;1633
2234;1503
2235;1586
2236;1573
2237;1514
2238;1605
2239;1587
2240;1587
2241;1570
2242;1521
2243;1514
2244;1520
2245;1848
2246;1593
2247;1580
2248;1599
2249;1524
2250;1482
2251;1558
2252;1580
2253;1466
2254;1620
2255;1438
2256;1589
2257;1553
2258;1648
2259;1516
2260;1520
2261;1490
2262;1563
2263;1456
2264;1508
2265;1462
2266;1534
2267;1547
2268;1502
2269;1565
2270;1503
2271;1479
2272;1456
2273;1452
2274;1546
2275;1387
2276;1526
2277;1523
2278;1545
2279;1485
2280;1545
2281;1499
2282;1393
2283;1530
2284;1538
2285;1429
2286;1524
2287;1541
2288;1629
2289;1596
2290;1642
2291;1452
2292;1682
2293;1717
2294;1500
2295;1577
2296;1620
2297;1604
2298;1682
2299;1663
2300;1771
2301;1679
2302;1519
2303;1469
2304;1376
2305;1577
2306;1528
2307;1470
2308;1563
2309;1615
2310;1676
2311;1713
2312;1800
2313;1636
2314;1662
2315;1665
2316;1631
2317;1581
2318;1643
2319;1691
2320;1526
2321;1673
2322;1460
2323;1482
2324;1588
2325;1505
2326;1549
2327;1479
2328;1508
2329;1450
2330;1563
2331;1538
2332;1445
2333;1560
2334;1643
2335;1640
2336;1489
2337;1492
2338;1478
2339;1520
2340;1532
2341;1630
2342;1490
2343;1522
2344;1705
2345;1639
2346;1619
2347;1508
2348;1520
2349;1498
2350;1389
2351;1464
2352;1541
2353;1449
2354;1476
2355;1512
2356;1540
2357;1481
2358;1480
2359;1467
2360;1516
2361;1495
2362;1436
2363;1581
2364;1531
2365;1464
2366;1495
2367;1540
2368;1486
2369;1468
2370;1476
2371;1526
2372;1473
2373;1480
2374;1487
2375;1498
2376;1543
2377;1533
2378;1499
2379;1429
2380;1472
2381;1544
2382;1498
2383;1477
2384;1450
2385;1488
2386;1514
2387;1479
2388;1502
2389;1530
2390;1491
2391;1458
2392;1509
2393;1513
2394;1468
2395;1519
2396;1502
2397;1542
2398;1466
2399;1515
2400;1469
2401;1540
2402;1496
2403;1790
2404;1392
2405;1524
2406;1503
2407;1459
2408;1493
2409;1526
2410;1453
2411;1511
2412;1506
2413;1451
2414;1460
2415;1474
2416;1495
2417;1508
2418;1429
2419;1547
2420;1612
2421;1494
2422;1443
2423;1521
2424;1618
2425;1636
2426;1655
2427;1500
2428;1523
2429;1578
2430;1614
2431;1541
2432;1567
2433;1612
2434;1452
2435;1668
2436;1536
2437;1581
2438;1494
2439;1503
2440;1484
2441;1611
2442;1475
2443;1495
2444;1535
2445;1484
2446;1546
2447;1440
2448;1541
2449;1459
2450;1594
2451;1497
2452;1582
2453;1619
2454;1514
2455;1577
2456;1471
2457;1613
2458;1566
2459;1528
2460;1612
2461;1588
2462;1660
2463;1618
2464;1498
2465;1465
2466;1599
2467;1581
2468;1647
2469;1576
2470;1524
2471;1527
2472;1509
2473;1509
2474;1470
2475;1545
2476;1605
2477;1472
2478;1425
2479;1560
2480;1498
2481;1651
2482;1558
2483;1699
2484;1642
2485;1664
2486;1628
2487;1534
2488;1376
2489;1476
2490;1546
2491;1571
2492;1427
2493;1476
2494;1536
2495;1521
2496;1482
2497;1661
2498;1631
2499;1649
2500;1680
2501;1711
2502;1672
2503;1631
2504;1669
2505;1719
2506;1653
2507;1643
2508;1642
2509;1516
2510;1507
2511;1505
2512;1684
2513;2138
2514;1544
2515;1550
2516;1494
2517;1528
2518;1503
2519;1506
2520;1515
2521;1485
2522;1508
2523;1560
2524;1540
2525;1544
2526;1540
2527;1579
2528;1533
2529;1469
2530;1479
2531;1482
2532;1373
2533;1487
2534;1500
2535;1526
2536;1645
2537;1462
2538;1468
2539;1604
2540;1666
2541;1701
2542;1629
2543;1497
2544;1631
2545;1485
2546;1578
2547;1648
2548;1712
2549;1642
2550;1658
2551;1370
2552;1538
2553;1531
2554;1508
2555;1811
2556;1512
2557;1505
2558;1541
2559;1508
2560;1459
2561;1470
2562;1544
2563;1516
2564;1474
2565;1529
2566;1454
2567;1537
2568;1424
2569;1469
2570;1440
2571;1525
2572;1623
2573;1497
2574;1395
2575;1664
2576;1609
2577;1590
2578;1499
2579;1682
2580;1658
2581;1649
2582;1615
2583;1636
2584;1638
2585;1721
2586;1640
2587;1588
2588;1570
2589;1569
2590;1429
2591;1564
2592;1611
2593;1685
2594;1456
2595;1660
2596;1637
2597;1532
2598;1527
2599;1468
2600;1383
2601;1507
2602;1514
2603;1476
2604;1627
2605;1689
2606;1752
2607;1625
2608;1509
2609;1549
2610;1479
2611;1547
2612;1512
2613;1554
2614;1504
2615;1517
2616;1477
2617;1586
2618;1504
2619;1519
2620;1372
2621;1409
2622;1560
2623;1537
2624;1569
2625;1535
2626;1510
2627;1462
2628;1492
2629;1521
2630;1507
2631;1375
2632;1514
2633;1599
2634;1484
2635;1463
2636;1623
2637;1687
2638;1566
2639;1646
2640;1632
2641;1687
2642;1666
2643;1621
2644;1582
2645;1550
2646;1514
2647;1476
2648;1475
2649;1479
2650;1479
2651;1522
2652;1463
2653;1906
2654;1879
2655;1804
2656;1785
2657;1876
2658;1761
2659;1962
2660;1767
2661;1646
2662;1596
2663;1973
2664;1550
2665;1536
2666;1529
2667;1648
2668;1602
2669;1664
2670;1611
2671;1585
2672;1541
2673;1560
2674;1548
2675;1529
2676;1493
2677;1511
2678;1490
2679;1513
2680;1525
2681;1558
2682;1458
2683;1493
2684;1519
2685;1488
2686;1537
2687;1522
2688;1514
2689;1530
2690;1547
2691;1536
2692;1566
2693;1487
2694;1537
2695;1603
2696;1493
2697;1456
2698;1505
2699;1498
2700;1522
2701;1501
2702;1560
2703;1511
2704;1567
2705;1644
2706;1541
2707;1585
2708;1551
2709;1513
2710;1657
2711;1643
2712;1516
2713;1641
2714;1495
2715;1628
2716;1552
2717;1542
2718;1513
2719;1640
2720;1641
2721;1484
2722;1653
2723;1572
2724;1531
2725;1655
2726;1613
2727;1547
2728;1788
2729;1662
2730;1575
2731;1580
2732;1570
2733;1569
2734;1556
2735;1536
2736;1606
2737;1684
2738;1711
2739;1734
2740;1715
2741;1767
2742;1771
2743;1591
2744;1632
2745;1592
2746;1543
2747;1776
2748;1702
2749;1754
2750;1786
2751;1601
2752;1587
2753;1580
2754;1538
2755;1564
2756;1547
2757;1563
2758;1624
2759;1701
2760;1736
2761;1705
2762;1519
2763;1520
2764;1551
2765;1544
2766;1677
2767;1548
2768;1560
2769;1638
2770;1646
2771;1543
2772;1537
2773;1687
2774;1686
2775;1478
2776;1647
2777;1515
2778;1477
2779;1554
2780;1551
2781;1698
2782;1585
2783;1608
2784;1664
2785;1617
2786;1571
2787;1537
2788;1509
2789;1537
2790;1547
2791;1555
2792;1634
2793;1513
2794;1559
2795;1514
2796;1538
2797;1655
2798;1675
2799;1491
2800;1547
2801;1537
2802;1532
2803;1472
2804;1543
2805;1519
2806;1556
2807;1632
2808;1530
2809;1507
2810;1525
2811;1477
2812;1484
2813;1641
2814;1510
2815;1681
2816;1572
2817;1533
2818;1558
2819;1574
2820;1537
2821;1560
2822;1507
2823;1473
2824;1482
2825;1687
2826;1542
2827;1522
2828;1539
2829;1567
2830;1554
2831;1511
2832;1568
2833;1550
2834;1531
2835;1541
2836;1549
2837;1971
2838;1541
2839;1513
2840;1534
2841;1591
2842;1516
2843;1549
2844;1602
2845;1516
2846;1477
2847;1634
2848;1558
2849;1550
2850;1660
2851;1477
2852;1535
2853;1495
2854;1640
2855;1563
2856;1562
2857;1579
2858;1562
2859;1551
2860;1511
2861;1502
2862;1644
2863;1489
2864;1560
2865;1540
2866;1526
2867;1492
2868;1520
2869;1485
2870;1699
2871;1508
2872;1534
2873;1510
2874;1535
2875;1535
2876;1515
2877;1605
2878;1730
2879;1418
2880;1473
2881;1510
2882;1441
2883;1437
2884;1484
2885;1476
2886;1443
2887;1467
2888;1498
2889;1453
2890;1452
2891;1536
2892;1493
2893;1455
2894;1462
2895;1458
2896;1454
2897;1445
2898;1488
2899;1435
2900;1509
2901;1473
2902;1449
2903;1462
2904;1470
2905;1490
2906;1454
2907;1468
2908;1478
2909;1435
2910;1437
2911;1465
2912;1478
2913;1455
2914;1448
2915;1465
2916;1494
2917;1446
2918;1440
2919;1465
2920;1516
2921;1455
2922;1480
2923;1439
2924;1445
2925;1479
2926;1389
2927;1492
2928;1458
2929;1443
2930;1482
2931;1497
2932;1475
2933;1442
2934;1482
2935;1467
2936;1462
2937;1516
2938;1440
2939;1447
2940;1449
2941;1488
2942;1518
2943;1485
2944;1471
2945;1451
2946;1463
2947;1546
2948;1450
2949;1441
2950;1419
2951;1465
2952;1441
2953;1481
2954;1451
2955;1506
2956;1484
2957;1531
2958;1485
2959;1584
2960;1576
2961;1438
2962;1521
2963;1442
2964;1462
2965;1462
2966;1368
2967;1496
2968;1479
2969;1400
2970;1483
2971;1440
2972;1445
2973;1373
2974;1482
2975;1481
2976;1443
2977;1488
2978;1468
2979;1468
2980;1498
2981;1484
2982;1459
2983;1454
2984;1423
2985;1502
2986;1411
2987;1494
2988;1480
2989;1454
2990;1470
2991;1477
2992;1399
2993;1439
2994;1401
2995;1393
2996;1386
2997;1463
2998;1482
2999;1460
3000;1461
3001;1598
3002;1604
3003;1505
3004;1477
3005;1454
3006;1492
3007;1455
3008;1455
3009;1532
3010;1443
3011;1452
3012;1474
3013;1474
3014;1474
3015;1446
3016;1451
3017;1481
3018;1454
3019;1451
3020;1477
3021;1458
3022;1442
3023;1374
3024;1465
3025;1453
3026;1469
3027;1395
3028;1441
3029;1436
3030;1380
3031;1480
3032;1442
3033;1512
3034;1442
3035;1423
3036;1463
3037;1477
3038;1467
3039;1432
3040;1446
3041;1175
3042;1486
3043;1444
3044;1456
3045;1477
3046;1487
3047;1494
3048;1452
3049;1443
3050;1467
3051;1362
3052;1496
3053;1484
3054;1451
3055;1451
3056;1379
3057;1485
3058;1497
3059;1438
3060;1499
3061;1471
3062;1496
3063;1413
3064;1525
3065;1457
3066;1442
3067;1472
3068;1467
3069;1459
3070;1445
3071;1475
3072;1480
3073;1475
3074;1438
3075;1478
3076;1455
3077;1477
3078;1471
3079;1483
3080;1435
3081;1504
3082;1479
3083;1477
3084;1459
3085;1449
3086;1499
3087;1470
3088;1459
3089;1479
3090;1481
3091;1413
3092;1519
3093;1481
3094;1447
3095;1516
3096;1510
3097;1438
3098;1489
3099;1459
3100;1446
3101;1451
3102;1448
3103;1461
3104;1495
3105;1438
3106;1443
3107;1517
3108;1455
3109;1493
3110;1531
3111;1454
3112;1406
3113;1492
3114;1443
3115;1481
3116;1449
3117;1454
3118;1447
3119;1521
3120;1523
3121;1388
3122;1524
3123;1388
3124;1484
3125;1482
3126;1511
3127;1473
3128;1455
3129;1468
3130;1449
3131;1373
3132;1446
3133;1451
3134;1471
3135;1475
3136;1446
3137;1452
3138;1489
3139;1445
3140;1408
3141;1397
3142;1407
3143;1401
3144;1392
3145;1411
3146;1408
3147;1440
3148;1411
3149;1414
3150;1405
3151;1410
3152;1413
3153;1498
3154;1539
3155;1429
3156;1467
3157;1444
3158;1476
3159;1418
3160;1446
3161;1415
3162;1425
3163;1452
3164;1461
3165;1434
3166;1416
3167;1418
3168;1428
3169;1435
3170;1526
3171;1510
3172;1465
3173;1407
3174;1412
3175;1472
3176;1367
3177;1416
3178;1409
3179;1424
3180;1401
3181;1438
3182;1408
3183;1431
3184;1404
3185;1443
3186;1459
3187;1420
3188;1467
3189;1489
3190;1400
3191;1390
3192;1441
3193;1409
3194;1470
3195;1409
3196;1446
3197;1415
3198;1355
3199;1407
3200;1408
3201;1421
3202;1420
3203;1460
3204;1406
3205;1467
3206;1398
3207;1409
3208;1457
3209;1413
3210;1398
3211;1401
3212;1427
3213;1426
3214;1419
3215;1404
3216;1431
3217;1434
3218;1412
3219;1461
3220;1474
3221;1131
3222;1404
3223;1511
3224;1406
3225;1445
3226;1403
3227;1419
3228;1404
3229;1421
3230;1405
3231;1438
3232;1458
3233;1406
3234;1402
3235;1406
3236;1407
3237;1394
3238;1399
3239;1449
3240;1409
3241;1423
3242;1462
3243;1415
3244;1450
3245;1425
3246;1496
3247;1402
3248;1407
3249;1426
3250;1402
3251;1408
3252;1422
3253;1395
3254;1416
3255;1400
3256;1422
3257;1463
3258;1399
3259;1411
3260;1538
3261;1416
3262;1413
3263;1429
3264;1408
3265;1397
3266;1415
3267;1427
3268;1425
3269;1398
3270;1405
3271;1412
3272;1424
3273;1422
3274;1426
3275;1428
3276;1432
3277;1414
3278;1430
3279;1402
3280;1411
3281;1418
3282;1402
3283;1397
3284;1480
3285;1397
3286;1505
3287;1419
3288;1444
3289;1405
3290;1409
3291;1455
3292;1399
3293;1402
3294;1443
3295;1410
3296;1403
3297;1425
3298;1394
3299;1416
3300;1424
3301;1393
3302;1404
3303;1419
3304;1402
3305;1398
3306;1440
3307;1406
3308;1404
3309;1423
3310;1391
3311;1422
3312;1404
3313;1456
3314;1467
3315;1400
3316;1405
3317;1449
3318;1487
3319;1407
3320;1421
3321;1415
3322;1399
3323;1403
3324;1450
3325;1437
3326;1396
3327;1425
3328;1448
3329;1535
3330;1416
3331;1577
3332;1469
3333;1531
3334;1403
3335;1407
3336;1424
3337;1423
3338;1448
3339;1410
3340;1479
3341;1402
3342;1503
3343;1526
3344;1481
3345;1398
3346;1409
3347;1412
3348;1446
3349;1404
3350;1404
3351;1421
3352;1398
3353;1404
3354;1449
3355;1429
3356;1418
3357;1401
3358;1452
3359;1427
3360;1441
3361;1400
3362;1481
3363;1401
3364;1409
3365;1462
3366;1458
3367;1397
3368;1405
3369;1445
3370;1464
3371;1455
3372;1402
3373;1430
3374;1403
3375;1403
3376;1410
3377;1413
3378;1405
3379;1408
3380;1410
3381;1405
3382;1456
3383;1400
3384;1443
3385;1457
3386;1470
3387;1404
3388;1422
3389;1412
3390;1423
3391;1464
3392;1472
3393;1417
3394;1575
3395;1410
3396;1492
3397;1569
3398;1496
3399;1531
3400;1532
3401;1492
3402;1508
3403;1543
3404;1526
3405;1544
3406;1542
3407;1439
3408;1440
3409;1455
3410;1395
3411;1400
3412;1405
3413;1408
3414;1528
3415;1408
3416;1455
3417;1409
3418;1448
3419;1405
3420;1403
3421;1418
3422;1399
3423;1419
3424;1407
3425;1421
3426;1399
3427;1450
3428;1468
3429;1439
3430;1401
3431;1408
3432;1467
3433;1396
3434;1400
3435;1415
3436;1464
3437;1424
3438;1451
3439;1475
3440;1458
3441;1453
3442;1460
3443;1438
3444;1451
3445;1509
3446;1487
3447;1469
3448;1440
3449;1452
3450;1445
3451;1458
3452;1444
3453;1457
3454;1493
3455;1452
3456;1484
3457;1453
3458;1465
3459;1442
3460;1471
3461;1526
3462;1569
3463;1461
3464;1455
3465;1439
3466;1523
3467;1446
3468;1443
3469;1482
3470;1441
3471;1445
3472;1447
3473;1489
3474;1443
3475;1467
3476;1486
3477;1477
3478;1464
3479;1472
3480;1486
3481;1481
3482;1481
3483;1386
3484;1446
3485;1446
3486;1457
3487;1450
3488;1132
3489;1451
3490;1441
3491;1487
3492;1187
3493;1488
3494;1984
3495;1509
3496;1470
3497;1438
3498;1547
3499;1271
3500;1455
3501;1384
3502;1486
3503;1461
3504;1471
3505;1494
3506;1490
3507;1476
3508;1449
3509;1473
3510;1446
3511;1456
3512;1527
3513;1440
3514;1463
3515;1484
3516;1487
3517;1441
3518;1455
3519;1497
3520;1400
3521;1596
3522;1456
3523;1520
3524;1439
3525;1441
3526;1462
3527;1514
3528;1445
3529;1449
3530;1464
3531;1488
3532;1507
3533;1446
3534;1487
3535;1455
3536;1475
3537;1485
3538;1500
3539;1447
3540;1446
3541;1380
3542;1446
3543;1472
3544;1494
3545;1488
3546;1442
3547;1480
3548;1472
3549;1499
3550;1560
3551;1499
3552;1677
3553;1559
3554;1507
3555;1465
3556;1474
3557;1446
3558;1475
3559;1488
3560;1440
3561;1377
3562;1425
3563;1460
3564;1446
3565;1492
3566;1474
3567;1447
3568;1445
3569;1445
3570;1445
3571;1483
3572;1524
3573;1415
3574;1406
3575;1435
3576;1409
3577;1515
3578;1423
3579;1460
3580;1475
3581;1488
3582;1532
3583;1537
3584;1488
3585;1447
3586;1453
3587;1122
3588;1468
3589;1440
3590;1457
3591;1468
3592;1525
3593;1438
3594;1457
3595;1452
3596;1391
3597;1480
3598;1435
3599;1386
3600;1456
3601;1444
3602;1499
3603;1527
3604;1484
3605;1490
3606;1462
3607;1488
3608;1530
3609;1449
3610;1513
3611;1440
3612;1401
3613;1531
3614;1439
3615;1517
3616;1507
3617;1504
3618;1375
3619;1529
3620;1509
3621;1517
3622;1500
3623;1504
3624;1357
3625;1498
3626;1498
3627;1383
3628;1497
3629;1520
3630;1398
3631;1508
3632;1566
3633;1501
3634;1505
3635;1524
3636;1570
3637;1485
3638;1517
3639;1521
3640;1576
3641;1515
3642;1527
3643;1515
3644;1498
3645;1454
3646;1521
3647;1522
3648;1442
3649;1455
3650;1550
3651;1534
3652;1520
3653;1474
3654;1488
3655;1598
3656;1406
3657;1468
3658;1507
3659;1435
3660;1499
3661;1386
3662;1492
3663;1520
3664;1525
3665;1522
3666;1410
3667;1525
3668;1537
3669;1470
3670;1523
3671;1507
3672;1508
3673;1501
3674;1506
3675;1516
3676;1520
3677;1509
3678;1556
3679;1462
3680;1509
3681;1538
3682;1521
3683;1565
3684;1533
3685;1527
3686;1494
3687;1561
3688;1623
3689;1486
3690;1506
3691;1557
3692;1489
3693;1525
3694;1492
3695;1501
3696;1508
3697;1491
3698;1454
3699;1550
3700;1493
3701;1478
3702;1444
3703;1499
3704;1507
3705;1512
3706;1510
3707;1485
3708;1491
3709;1493
3710;1531
3711;1517
3712;1611
3713;1501
3714;1554
3715;1496
3716;1522
3717;1494
3718;1457
3719;1449
3720;1517
3721;1564
3722;1480
3723;1494
3724;1423
3725;1481
3726;1526
3727;1524
3728;1399
3729;1470
3730;1508
3731;1515
3732;1518
3733;1395
3734;1519
3735;1541
3736;1461
3737;1503
3738;1581
3739;1397
3740;1521
3741;1522
3742;1522
3743;1496
3744;1491
3745;1525
3746;1479
3747;1517
3748;1487
3749;1571
3750;1395
3751;1520
3752;1507
3753;1513
3754;1510
3755;1497
3756;1440
3757;1521
3758;1511
3759;1501
3760;1525
3761;1520
3762;1519
3763;1519
3764;1551
3765;1493
3766;1630
3767;1511
3768;1537
3769;1497
3770;1518
3771;1515
3772;1516
3773;1634
3774;1467
3775;1509
3776;1510
3777;1508
3778;1503
3779;1500
3780;1501
3781;1576
3782;1513
3783;1565
3784;1488
3785;1557
3786;1524
3787;1515
3788;1521
3789;1489
3790;1489
3791;1490
3792;1498
3793;1488
3794;1544
3795;1524
3796;1511
3797;1531
3798;1516
3799;1659
3800;1519
3801;1483
3802;1480
3803;1482
3804;1476
3805;1476
3806;1385
3807;1503
3808;1500
3809;1492
3810;1498
3811;1512
3812;1497
3813;1499
3814;1495
3815;1368
3816;1495
3817;1503
3818;1505
3819;1497
3820;1498
3821;1498
3822;1497
3823;1528
3824;1503
3825;1378
3826;1503
3827;1504
3828;1537
3829;1504
3830;1496
3831;1500
3832;1505
3833;1505
3834;1370
3835;1373
3836;1500
3837;1533
3838;1501
3839;1495
3840;1499
3841;1496
3842;1498
3843;1499
3844;1369
3845;1499
3846;1522
3847;1502
3848;1513
3849;1497
3850;1534
3851;1502
3852;1496
3853;1495
3854;1498
3855;1364
3856;1564
3857;1375
3858;1511
3859;1506
3860;1517
3861;1516
3862;1520
3863;1519
3864;1539
3865;1523
3866;1531
3867;1523
3868;1496
3869;1515
3870;1546
3871;1497
3872;1624
3873;1497
3874;1554
3875;1455
3876;1544
3877;1501
3878;1508
3879;1489
3880;1625
3881;1557
3882;1450
3883;1526
3884;1533
3885;1495
3886;1503
3887;1501
3888;1498
3889;1499
3890;1500
3891;1555
3892;1518
3893;1498
3894;1500
3895;1364
3896;1520
3897;1481
3898;1555
3899;1554
3900;1391
3901;1507
3902;1415
3903;1477
3904;1516
3905;1521
3906;1542
3907;1419
3908;1506
3909;1527
3910;1525
3911;1510
3912;1539
3913;1497
3914;1496
3915;1505
3916;1526
3917;1549
3918;1567
3919;1527
3920;1491
3921;1531
3922;1529
3923;1526
3924;1492
3925;1512
3926;1492
3927;1517
3928;1516
3929;1492
3930;1416
3931;1427
3932;1551
3933;1541
3934;1469
3935;1470
3936;1575
3937;1527
3938;1431
3939;1526
3940;1485
3941;1516
3942;1507
3943;1533
3944;1522
3945;1510
3946;1497
3947;1479
3948;1478
3949;1445
3950;1539
3951;1523
3952;1520
3953;1535
3954;1523
3955;1519
3956;1553
3957;1490
3958;1486
3959;1542
3960;1553
3961;1470
3962;1494
3963;1481
3964;1491
3965;1568
3966;1560
3967;1521
3968;1492
3969;1474
3970;1484
3971;1494
3972;1490
3973;1490
3974;1465
3975;1464
3976;1531
3977;1486
3978;1481
3979;1568
3980;1497
3981;1518
3982;1556
3983;1536
3984;1398
3985;1529
3986;1522
3987;1526
3988;1416
3989;1534
3990;1529
3991;1534
3992;1524
3993;1536
3994;1534
3995;1501
3996;1461
3997;1565
3998;1624
3999;1646
4000;1440
4001;1548
4002;1475
4003;1479
4004;1502
4005;1444
4006;1521
4007;1454
4008;1517
4009;1530
4010;1489
4011;1524
4012;1504
4013;1505
4014;1498
4015;1450
4016;1625
4017;1659
4018;1496
4019;1385
4020;1523
4021;1516
4022;1515
4023;1500
4024;1387
4025;1519
4026;1410
4027;1371
4028;1504
4029;1526
4030;1367
4031;1501
4032;1509
4033;1504
4034;1508
4035;1375
4036;1536
4037;1510
4038;1501
4039;1368
4040;1494
4041;1501
4042;1508
4043;1499
4044;1530
4045;1409
4046;1526
4047;1500
4048;1420
4049;1634
4050;1626
4051;1541
4052;1493
4053;1624
4054;1642
4055;1439
4056;1383
4057;1470
4058;1646
4059;1509
4060;1689
4061;1537
4062;1481
4063;1458
4064;1509
4065;1540
4066;1411
4067;1521
4068;1517
4069;1515
4070;1514
4071;1557
4072;1495
4073;1519
4074;1525
4075;1397
4076;1378
4077;1393
4078;1497
4079;1432
4080;1462
4081;1521
4082;1520
4083;1517
4084;1486
4085;1541
4086;1570
4087;1522
4088;1418
4089;1521
4090;1455
4091;1503
4092;1418
4093;1389
4094;1472
4095;1498
4096;1519
4097;1519
4098;1498
4099;1579
4100;1439
4101;1591
4102;1454
4103;1534
4104;1613
4105;1535
4106;1519
4107;1459
4108;1455
4109;1527
4110;1454
4111;1458
4112;1452
4113;1460
4114;1519
4115;1523
4116;1450
4117;1451
4118;1453
4119;1435
4120;1649
4121;1492
4122;1572
4123;1486
4124;1514
4125;1507
4126;1477
4127;1479
4128;1493
4129;1486
4130;1573
4131;1453
4132;1527
4133;1527
4134;1554
4135;1509
4136;1494
4137;1518
4138;1499
4139;1549
4140;1494
4141;1494
4142;1494
4143;1537
4144;1654
4145;1622
4146;1488
4147;1624
4148;1625
4149;1622
4150;1630
4151;1622
4152;1493
4153;1513
4154;1501
4155;1505
4156;1468
4157;1475
4158;3066
4159;1609
4160;1446
4161;1388
4162;1563
4163;1486
4164;1491
4165;1481
4166;1551
4167;1526
4168;1515
4169;1554
4170;1576
4171;1547
4172;1491
4173;1511
4174;1612
4175;1496
4176;1525
4177;1486
4178;1495
4179;1497
4180;1499
4181;1556
4182;1504
4183;1501
4184;1533
4185;1552
4186;1596
4187;1563
4188;1517
4189;1541
4190;1524
4191;1497
4192;1509
4193;1555
4194;1547
4195;1514
4196;1538
4197;1387
4198;1503
4199;1420
4200;1428
4201;1419
4202;1441
4203;1476
4204;1422
4205;1419
4206;1419
4207;1417
4208;1381
4209;1481
4210;1448
4211;1430
4212;1429
4213;1423
4214;1483
4215;1366
4216;1427
4217;1451
4218;1431
4219;1417
4220;1413
4221;1449
4222;1547
4223;1415
4224;1447
4225;1431
4226;1540
4227;1432
4228;1463
4229;1430
4230;1433
4231;1457
4232;1467
4233;1537
4234;1417
4235;1560
4236;1545
4237;1423
4238;1524
4239;1582
4240;1529
4241;1543
4242;1529
4243;1583
4244;1539
4245;1424
4246;1543
4247;1552
4248;1418
4249;1432
4250;1600
4251;1547
4252;1536
4253;1454
4254;1441
4255;1550
4256;1425
4257;1458
4258;1546
4259;1578
4260;1488
4261;1554
4262;1500
4263;1523
4264;1663
4265;1637
4266;1593
4267;1455
4268;1549
4269;1610
4270;1486
4271;1516
4272;1469
4273;1562
4274;1575
4275;1457
4276;1540
4277;1480
4278;1449
4279;1575
4280;1502
4281;1452
4282;1448
4283;1459
4284;1585
4285;1569
4286;1483
4287;1545
4288;1494
4289;1456
4290;1466
4291;1479
4292;1456
4293;1527
4294;1463
4295;1441
4296;1398
4297;1464
4298;1447
4299;1471
4300;1448
4301;1444
4302;1470
4303;1505
4304;1505
4305;1443
4306;1439
4307;1443
4308;1444
4309;1445
4310;1443
4311;1444
4312;1441
4313;1441
4314;1454
4315;1468
4316;1541
4317;1483
4318;1494
4319;1473
4320;1447
4321;1525
4322;1446
4323;1458
4324;1506
4325;1518
4326;1475
4327;1460
4328;1493
4329;1518
4330;1449
4331;1378
4332;1439
4333;1450
4334;1374
4335;1488
4336;1506
4337;1497
4338;1389
4339;1470
4340;1453
4341;1433
4342;1535
4343;1450
4344;1463
4345;1491
4346;1441
4347;1458
4348;1497
4349;1497
4350;1429
4351;1456
4352;1447
4353;1489
4354;1447
4355;1439
4356;1473
4357;1460
4358;1491
4359;1440
4360;1465
4361;1447
4362;1524
4363;1527
4364;1587
4365;1482
4366;1444
4367;1484
4368;1447
4369;1440
4370;1441
4371;1476
4372;1450
4373;1410
4374;1498
4375;1507
4376;1499
4377;1534
4378;1649
4379;1621
4380;1504
4381;1499
4382;1513
4383;1501
4384;1449
4385;1393
4386;1468
4387;1444
4388;1454
4389;1473
4390;1466
4391;1478
4392;1495
4393;1499
4394;1502
4395;1451
4396;1485
4397;1464
4398;1462
4399;1445
4400;1447
4401;1411
4402;1457
4403;1440
4404;1441
4405;1500
4406;1438
4407;1430
4408;1515
4409;1441
4410;1447
4411;1410
4412;1505
4413;1381
4414;1456
4415;1444
4416;1506
4417;1444
4418;1490
4419;1450
4420;1527
4421;1431
4422;1134
4423;1513
4424;1492
4425;1452
4426;1482
4427;1458
4428;1426
4429;1569
4430;1506
4431;1577
4432;1443
4433;1446
4434;1533
4435;1489
4436;1564
4437;1537
4438;1525
4439;1439
4440;1472
4441;1482
4442;1444
4443;1426
4444;1467
4445;1490
4446;1447
4447;1445
4448;1471
4449;1472
4450;1461
4451;1474
4452;1449
4453;1432
4454;1495
4455;1485
4456;1439
4457;1448
4458;1484
4459;1481
4460;1447
4461;1442
4462;1519
4463;1450
4464;1468
4465;1494
4466;1490
4467;1559
4468;1520
4469;1473
4470;1452
4471;1475
4472;1509
4473;1493
4474;1560
4475;1540
4476;1499
4477;1530
4478;1562
4479;1711
4480;1430
4481;1462
4482;1515
4483;1421
4484;1616
4485;1564
4486;1439
4487;1518
4488;1479
4489;1483
4490;1490
4491;1535
4492;1455
4493;1493
4494;1579
4495;1572
4496;1492
4497;1454
4498;1439
4499;1442
4500;1460
4501;1464
4502;1441
4503;1456
4504;1438
4505;1505
4506;1387
4507;1473
4508;1480
4509;1539
4510;1551
4511;1472
4512;1574
4513;1481
4514;1466
4515;1443
4516;1457
4517;1490
4518;1463
4519;1457
4520;1143
4521;1453
4522;1563
4523;1574
4524;1512
4525;1570
4526;1502
4527;1492
4528;1599
4529;1489
4530;1459
4531;1453
4532;1484
4533;1556
4534;1517
4535;1465
4536;1492
4537;1501
4538;1427
4539;1537
4540;1569
4541;1510
4542;1545
4543;1498
4544;1451
4545;1472
4546;1532
4547;1547
4548;1482
4549;1497
4550;1486
4551;1479
4552;1495
4553;1511
4554;1481
4555;1449
4556;1402
4557;1416
4558;1384
4559;1444
4560;1470
4561;1452
4562;1476
4563;1485
4564;1481
4565;1544
4566;1569
4567;1473
4568;1479
4569;1128
4570;1442
4571;1434
4572;1443
4573;1485
4574;1446
4575;1446
4576;1448
4577;1446
4578;1450
4579;1475
4580;1478
4581;1480
4582;1459
4583;1484
4584;1493
4585;1484
4586;1530
4587;1483
4588;1490
4589;1458
4590;1479
4591;1465
4592;1515
4593;1506
4594;1489
4595;1471
4596;1475
4597;1448
4598;1462
4599;1368
4600;1415
4601;1530
4602;1472
4603;1444
4604;1447
4605;1480
4606;1376
4607;1447
4608;1446
4609;1423
4610;1439
4611;1399
4612;1467
4613;1433
4614;1529
4615;1441
4616;1401
4617;1440
4618;1576
4619;1484
4620;1444
4621;1481
4622;1481
4623;1444
4624;1441
4625;1472
4626;1460
4627;1490
4628;1492
4629;1585
4630;1462
4631;1444
4632;1502
4633;1606
4634;1566
4635;1517
4636;1495
4637;1480
4638;1446
4639;1480
4640;1446
4641;1400
4642;1510
4643;1486
4644;1463
4645;1465
4646;1452
4647;1480
4648;1544
4649;1486
4650;1475
4651;1450
4652;1461
4653;1452
4654;1482
4655;1441
4656;1533
4657;1475
4658;1381
4659;1504
4660;1450
4661;1448
4662;1455
4663;1483
4664;1508
4665;1443
4666;1466
4667;1453
4668;1412
4669;1476
4670;1443
4671;1530
4672;1473
4673;1451
4674;1460
4675;1484
4676;1445
4677;1448
4678;1461
4679;1480
4680;1446
4681;1445
4682;1420
4683;1453
4684;1479
4685;1475
4686;1452
4687;1447
4688;1459
4689;1483
4690;1440
4691;1559
4692;1527
4693;1446
4694;1458
4695;1444
4696;1447
4697;1470
4698;1487
4699;1487
4700;1450
4701;1467
4702;1449
4703;1515
4704;1442
4705;1450
4706;1474
4707;1447
4708;1443
4709;1515
4710;1492
4711;1455
4712;1442
4713;1505
4714;1494
4715;1480
4716;1504
4717;1140
4718;1387
4719;1484
4720;1444
4721;1441
4722;1490
4723;1551
4724;1439
4725;1510
4726;1443
4727;1448
4728;1417
4729;1499
4730;1445
4731;1450
4732;1441
4733;1505
4734;1447
4735;1445
4736;1444
4737;1431
4738;1440
4739;1538
4740;1465
4741;1474
4742;1543
4743;1457
4744;1492
4745;1492
4746;1502
4747;1469
4748;1482
4749;1438
4750;1442
4751;1475
4752;1468
4753;1480
4754;1494
4755;1466
4756;1487
4757;1495
4758;1488
4759;1460
4760;1470
4761;1517
4762;1478
4763;1469
4764;1494
4765;1479
4766;1135
4767;1461
4768;1472
4769;1445
4770;1437
4771;1481
4772;1440
4773;1456
4774;1468
4775;1476
4776;1492
4777;1446
4778;1447
4779;1472
4780;1518
4781;1446
4782;1490
4783;1443
4784;1480
4785;1479
4786;1449
4787;1452
4788;1445
4789;1475
4790;1448
4791;1448
4792;1472
4793;1444
4794;1464
4795;1459
4796;1469
4797;1444
4798;1474
4799;1447
4800;1463
4801;1490
4802;1449
4803;1440
4804;1487
4805;1456
4806;1471
4807;1480
4808;1556
4809;1478
4810;1446
4811;1488
4812;1453
4813;1505
4814;1480
4815;1494
4816;1478
4817;1475
4818;1450
4819;1462
4820;1443
4821;1460
4822;1492
4823;1444
4824;1461
4825;1466
4826;1431
4827;1380
4828;1495
4829;1448
4830;1431
4831;1505
4832;1469
4833;1451
4834;1480
4835;1488
4836;1578
4837;1501
4838;1518
4839;1511
4840;1513
4841;1533
4842;1474
4843;1493
4844;1472
4845;1464
4846;1459
4847;1395
4848;1441
4849;1487
4850;1439
4851;1459
4852;1466
4853;1487
4854;1492
4855;1437
4856;1468
4857;1482
4858;1455
4859;1484
4860;1388
4861;1475
4862;1416
4863;1504
4864;1395
4865;1177
4866;1448
4867;1444
4868;1491
4869;1389
4870;1398
4871;1482
4872;1512
4873;1462
4874;1460
4875;1444
4876;1489
4877;1432
4878;1496
4879;1452
4880;1503
4881;1437
4882;1486
4883;1485
4884;1438
4885;1449
4886;1470
4887;1506
4888;1445
4889;1490
4890;1457
4891;1525
4892;1446
4893;1456
4894;1477
4895;1488
4896;1444
4897;1372
4898;1491
4899;1448
4900;1448
4901;1448
4902;1503
4903;1447
4904;1487
4905;1441
4906;1421
4907;1447
4908;1491
4909;1447
4910;1448
4911;1442
4912;1393
4913;1449
4914;1471
4915;1495
4916;1440
4917;1740
4918;1545
4919;1518
4920;1486
4921;1461
4922;1475
4923;1594
4924;1462
4925;1459
4926;1484
4927;1439
4928;1449
4929;1466
4930;1511
4931;1467
4932;1453
4933;1455
4934;1405
4935;1437
4936;1462
4937;1438
4938;1458
4939;1472
4940;1463
4941;1487
4942;1478
4943;1445
4944;1486
4945;1383
4946;1453
4947;1467
4948;1444
4949;1451
4950;1493
4951;1382
4952;1470
4953;1420
4954;1539
4955;1485
4956;1492
4957;1441
4958;1453
4959;1451
4960;1462
4961;1497
4962;1514
4963;1451
4964;1151
4965;1460
4966;1460
4967;1445
4968;1463
4969;1496
4970;1445
4971;1482
4972;1374
4973;1481
4974;1452
4975;1443
4976;1538
4977;1390
4978;2040
4979;1643
4980;1673
4981;1352
4982;1592
4983;1526
4984;1445
4985;1484
4986;1553
4987;1490
4988;1594
4989;1476
4990;1482
4991;1375
4992;1466
4993;1439
4994;1443
4995;1462
4996;1479
4997;1440
4998;1439
4999;1443
5000;1486
