dtMPU
861
777
925
2744
1345
1267
2520
1066
822
1041
1038
800
915
836
939
869
1087
1012
821
1055
1060
825
1047
1018
776
1056
1005
812
1019
1028
849
876
822
963
775
918
813
1011
1032
817
1042
1067
796
1166
778
1071
1057
793
1053
1027
797
1048
1050
819
1036
1036
823
1038
1043
775
1056
1042
794
1084
799
1045
1058
795
1048
1024
809
1026
1061
815
895
854
1025
1032
805
1041
1033
791
869
886
1040
813
1042
1028
804
1040
1033
792
936
807
903
802
1043
1039
822
1052
1037
797
1046
1086
1044
1043
1038
834
1043
1045
795
1083
993
781
1105
1043
795
1050
1031
800
1032
1195
818
1032
953
924
1029
844
1026
1047
815
917
830
1051
1168
857
1022
1029
812
882
827
1040
1118
775
1066
796
1064
1048
793
893
892
1032
1057
793
908
802
1040
1046
793
1045
1235
796
1058
1030
915
1036
1028
827
1041
1088
786
1071
1051
813
1402
1030
853
912
905
1499
1082
3341
1032
1026
832
1041
1081
871
1013
1026
805
950
839
1039
1045
1258
885
1043
804
1050
1018
834
1030
1025
839
1044
1071
822
879
823
1035
1085
817
1040
1485
1072
803
1048
1040
794
928
847
872
822
1020
1059
822
1043
1036
800
863
837
1037
1059
805
872
796
1032
1052
801
1040
1258
798
1106
1032
823
1059
1048
800
1047
1015
828
1029
1013
805
893
824
1030
1055
793
1066
1134
816
1040
1032
795
1038
1025
837
1027
1026
826
1338
1038
809
1041
1047
796
1039
1050
791
917
806
1041
1042
810
883
816
1042
1034
833
1102
801
1016
1025
798
1070
1024
805
1022
1042
835
1310
1028
813
875
807
1080
1036
814
872
1032
1039
1023
824
1017
1046
814
1046
1090
795
962
812
1025
1031
823
895
840
1014
1035
834
1040
1034
803
892
820
874
856
1019
1019
809
1033
1196
814
1040
1034
797
1038
1034
795
1419
1081
824
872
800
1021
1042
829
1038
1044
801
891
820
1038
797
910
796
889
794
1043
1129
792
1050
1038
808
1031
1022
837
1022
1029
813
881
830
1042
804
890
817
1040
1081
909
1048
1027
821
948
802
1042
1025
857
872
810
1023
1023
838
1054
1029
833
1036
1046
805
1103
1025
793
1029
1063
838
1031
1023
812
1075
1011
774
1072
1059
859
888
834
1037
1060
965
1036
1028
837
873
811
1027
1024
818
1040
1071
777
887
808
1030
1032
857
877
806
1028
1223
819
1050
1036
779
1063
880
912
1080
794
947
799
1051
1059
795
1064
1101
799
920
794
1184
1046
805
1021
1040
803
923
831
1014
1034
819
1042
1093
797
1041
1050
893
879
813
1274
1043
834
876
810
1026
1025
834
879
826
1079
1065
847
1038
1023
820
1045
1043
792
1163
972
897
1022
835
875
808
1050
1059
802
882
812
1027
1025
876
871
803
1038
1024
1060
880
802
1036
1051
798
1040
1029
791
1041
1107
889
1060
1026
806
1044
1034
831
1042
1040
893
915
832
872
830
1022
1044
815
890
846
1119
1042
798
874
813
893
792
1069
1022
804
1045
1120
790
1048
1040
800
1059
1021
799
1027
1039
844
1028
1055
821
873
798
1021
1041
818
965
916
1045
1051
801
1049
1051
794
1049
1025
839
1107
1026
825
1012
1042
816
1040
1070
795
1059
914
918
1053
796
919
791
890
812
903
823
1055
924
930
1021
815
1022
1023
834
1023
812
1039
1167
815
1040
1032
801
913
829
906
814
1024
1036
833
1049
1045
773
1067
1050
928
1044
1025
935
1024
1030
821
1047
1284
1152
810
1016
1038
826
877
843
1026
1022
802
1057
1040
799
905
767
1032
797
879
827
1041
1085
820
1023
1025
801
890
834
876
818
1031
1280
876
1063
1026
800
1073
1024
817
1040
1066
781
886
797
1036
1011
881
1043
1068
772
905
842
1033
1038
829
1039
1102
785
915
806
1043
1099
795
875
809
1040
912
908
1021
849
1121
1069
773
1065
1005
792
922
783
885
812
917
816
1058
1049
815
1042
1041
809
1044
1068
882
948
1027
830
1044
1034
1028
881
1052
806
1034
1105
782
883
791
872
809
981
796
1161
1047
853
1026
1026
833
1049
1036
745
1059
868
1047
1107
781
879
841
1043
1046
816
901
917
1032
1050
797
1077
1020
832
1039
1089
842
1034
1049
831
1042
1054
799
886
843
1046
1150
795
880
816
1047
1054
795
1075
1021
832
976
798
1084
1056
802
897
787
1055
1035
795
1375
1050
806
881
816
1041
1025
811
1042
1053
967
883
834
1042
1032
800
1039
1044
782
955
852
868
831
1017
1034
812
1042
1065
792
908
785
930
799
1033
1029
853
1040
1053
775
887
805
876
811
1041
1050
793
1040
1040
799
938
819
1043
925
906
1025
823
1027
1041
816
1008
839
1062
1053
868
1089
1073
988
904
1120
789
1044
1188
816
1069
1038
901
1045
1113
1030
1159
1009
749
1105
811
1093
1058
1020
897
1132
1024
894
1137
831
1104
1040
905
868
905
1062
1033
1074
883
1105
816
1071
1045
941
1074
1078
1074
995
1096
814
1069
1041
1085
900
1105
811
1070
920
966
1036
1061
865
985
1016
880
1105
799
1016
815
1159
1037
876
1047
1103
809
1121
1091
919
895
903
878
1119
1077
865
1095
812
1006
821
1070
1042
934
1028
1102
811
1116
1044
918
891
905
1052
908
1040
1043
906
876
824
989
817
1069
1044
897
876
822
1098
1034
1067
920
1109
799
1293
1077
812
1075
1042
898
879
790
1024
735
1107
1022
903
1026
1105
813
1117
1074
906
1205
1104
1040
881
1100
828
1061
1038
906
913
910
890
904
888
824
1025
1040
900
935
1200
905
1124
1029
876
1107
813
1074
1027
927
1052
1106
819
1076
1045
899
875
856
1086
1134
889
1093
1059
1031
894
1106
817
1071
954
1009
1093
1048
876
1099
817
1072
1043
1046
913
910
1071
1041
905
883
817
1017
1071
1099
1013
995
906
891
898
879
817
1038
1058
943
901
1144
1018
878
1127
812
1075
1038
1493
1045
1057
815
1072
1041
902
876
823
1238
1121
911
1035
1058
960
881
1102
812
1128
1047
1084
886
1105
818
1122
1041
903
1082
945
1015
1040
907
874
823
1018
1042
999
914
1097
811
1216
1062
903
1047
1103
810
1087
1072
908
1102
899
971
1045
858
878
845
1173
1100
963
883
1162
820
1073
1059
906
967
916
1046
1044
1080
880
1107
821
1066
1030
987
877
1103
836
998
818
1096
1044
858
1055
1091
971
1038
903
910
905
877
822
1027
1072
992
872
1106
811
1128
1045
863
877
845
1263
1079
1028
877
1038
960
894
907
879
825
1079
1029
1057
900
1099
878
1069
1038
1006
1028
1290
1060
776
1104
1060
901
883
818
1128
1062
1018
878
1098
814
1094
890
1012
928
949
1080
1040
899
880
815
1030
1049
1035
971
1130
1040
962
1002
911
890
902
880
1077
969
1069
1019
996
880
899
877
831
1026
1119
1067
863
1094
827
872
929
908
1063
863
1238
1044
876
1108
790
1103
1036
902
899
906
1055
1101
813
1102
1039
898
875
818
1061
1005
1078
920
1020
990
880
1107
811
1068
1157
907
1049
1095
815
1115
1042
913
894
900
1318
1127
1027
911
1103
807
1062
1038
908
932
896
892
903
1063
1105
816
1103
1041
1062
993
1179
972
878
1101
812
1076
1037
899
918
907
1055
1108
814
1070
1041
901
878
1054
982
888
1064
1084
1029
1066
908
1098
796
1009
788
951
1007
896
1108
815
1075
1034
946
1032
1302
1114
773
1070
1040
901
886
818
1102
999
923
919
900
874
823
1019
1049
1057
1032
1110
1041
948
1085
799
1071
1041
910
914
899
876
827
1086
1032
1065
876
1100
971
1057
1009
810
1079
1042
907
879
825
1076
1090
840
919
886
882
893
873
822
1049
1071
1215
871
1097
1071
879
1105
813
1070
1046
899
1126
1023
810
1115
895
1010
895
910
876
1159
983
1042
905
872
829
969
815
1077
1104
1074
915
1023
1002
877
1170
817
1121
1022
1189
940
1038
907
1052
1127
914
1082
1039
1198
897
1107
830
1067
1043
861
879
783
1194
1041
1097
961
999
909
893
903
875
826
1128
1076
989
880
1108
820
1068
1053
917
1026
1011
906
1038
902
875
822
1024
1065
907
890
915
891
902
886
815
1019
1073
1007
881
1201
816
1108
1078
811
1083
1040
898
882
931
1102
1072
968
910
1100
815
1101
1039
900
1040
901
1086
1040
900
916
1007
880
1102
878
1082
1038
920
892
904
877
825
1075
1035
1211
855
1099
1008
883
1099
814
1110
1040
917
967
899
873
824
1021
1070
903
892
902
1017
835
1131
976
828
1025
1066
996
879
1103
859
1067
1041
905
1044
1105
813
1117
1041
1014
1047
1198
963
879
1095
814
1157
1035
968
1039
1113
818
1066
1039
906
1051
1124
797
1214
1081
861
1096
1041
906
877
820
1016
1073
1008
1044
887
857
1018
1066
870
892
907
1100
1108
1030
937
1103
822
1072
1043
887
894
821
1040
1039
938
1027
1059
1008
883
1234
793
1070
1089
830
1103
1042
909
873
820
1064
1065
1016
877
1137
817
1071
1039
903
875
1002
992
895
905
1103
1095
821
1098
1028
950
1028
1100
819
1101
916
969
1047
903
949
900
1086
1045
901
875
917
1067
1033
1014
911
1097
813
1096
1043
887
1024
901
1062
1104
817
1293
1040
812
1121
1074
901
876
813
1093
1064
1020
880
1103
811
1094
1039
903
880
827
1041
1035
801
1031
1044
908
873
817
1079
989
911
890
922
873
822
1019
773
1069
1186
910
1067
1041
901
882
815
1030
859
996
1060
901
877
826
1078
1036
1016
878
1217
822
1150
1082
821
1073
1063
1004
877
1103
843
1092
1043
900
875
824
1082
1032
1011
883
1189
822
1161
1034
815
1074
1044
904
874
833
1065
1033
1068
881
1050
818
1110
1050
904
1210
905
1044
1036
917
895
908
1057
1105
821
1179
1071
831
875
922
893
905
875
827
1088
972
1031
1066
1030
1063
885
1100
809
1103
1030
892
1063
1040
905
877
823
1021
1070
1334
814
1026
898
893
912
1048
1095
811
1075
1051
913
896
903
875
830
1027
1058
998
991
1090
859
977
891
890
905
879
830
1077
1075
997
873
1136
818
1095
1041
910
1054
1104
816
1074
1132
818
1099
1040
915
1062
1127
788
1085
1043
1000
895
904
879
825
1017
1191
1072
1002
850
991
888
902
878
823
1024
1084
848
882
902
1058
1081
812
1072
1063
902
1179
1105
858
896
903
889
824
1019
1043
897
1057
1107
815
1115
1049
905
877
830
1018
1097
1124
882
1103
817
1214
1040
907
876
1178
882
1039
858
889
907
952
903
918
907
1088
1109
1039
910
1105
813
1009
816
1103
1210
1057
881
1106
834
1097
1027
908
894
901
950
896
1098
1040
902
878
833
994
823
1104
1124
906
892
906
873
820
1016
1047
903
879
892
1108
1039
902
881
823
1022
1080
904
989
899
1123
1021
814
1117
1045
900
876
825
1119
1086
986
907
1000
907
890
900
876
827
932
1033
836
1091
1068
997
883
1106
902
1011
890
1026
1106
810
1100
1037
905
880
1109
1029
1063
1009
842
1084
812
1069
1039
915
953
950
1062
1037
902
880
819
1016
1073
1023
943
1104
812
1093
1034
898
878
838
1016
1111
907
1032
1099
815
1160
1039
903
880
1031
983
1070
907
892
905
878
821
1021
1048
902
1069
1178
963
877
1105
812
1097
1038
1176
965
1188
820
1072
1037
903
880
830
1019
1100
1071
968
1001
883
913
1057
883
1102
899
1149
1029
991
893
900
880
823
1021
1041
1171
906
1077
880
889
900
879
818
1020
1256
970
880
1104
854
1078
1039
899
884
827
1131
1078
980
910
1052
1059
878
1104
813
1103
1065
900
880
829
1103
1030
1073
875
1106
825
1144
1081
820
1126
1041
900
879
824
1042
1002
905
892
908
1055
1094
816
1160
1040
1125
904
1117
1124
883
1145
814
1073
1040
1235
1074
1030
1082
995
1034
1059
824
1072
1103
915
1042
1039
895
881
796
1013
819
1346
1026
888
1041
1037
904
906
987
1058
1106
800
1163
1021
816
1075
1039
908
876
822
1078
1041
1078
880
1122
815
1109
894
968
1020
958
1069
1039
906
1046
1107
813
999
819
1089
1065
900
880
815
1023
1066
995
958
1101
826
1094
1089
812
1123
1039
900
881
825
1206
1099
1001
846
1130
813
1110
1043
861
764
968
1099
777
917
1022
879
1103
814
1118
929
1029
893
904
878
830
1019
1045
905
892
903
1054
1116
1043
877
1104
843
1076
1038
904
1128
909
890
902
1061
1103
814
1079
1038
913
918
906
1095
1044
902
873
820
1019
1067
1209
939
1127
813
1101
1037
903
903
1013
881
1159
974
893
904
877
832
1044
1061
887
921
914
948
909
1046
1104
820
1158
1037
901
927
910
1218
1021
907
1032
1106
813
1072
1094
896
864
821
1021
1045
902
892
1104
862
1170
1006
890
993
878
1110
815
1100
1040
1008
1074
1109
796
1047
1042
909
878
822
1024
1042
972
1021
889
1050
889
904
879
819
1201
1034
982
923
1060
1015
877
1117
808
1069
1040
897
1089
1043
914
1043
903
877
816
1124
1097
840
891
921
1092
1102
813
1103
1040
924
1051
1127
1022
879
991
879
1111
818
1151
1070
906
876
820
1019
1055
901
893
907
876
807
1063
1032
802
1057
896
1015
895
859
1301
1095
813
1102
1037
902
774
911
1023
807
1148
1050
814
1078
1041
903
971
907
875
832
1085
1073
1004
874
1104
812
1007
813
1074
1044
916
1043
1044
856
888
835
1196
1063
1120
940
1059
819
1074
1046
902
878
796
1019
831
1174
1029
812
1069
1040
900
1056
993
892
1114
791
1071
1040
902
877
820
1106
1081
1042
901
1114
1041
879
1128
812
1067
1043
975
1031
1103
814
1117
1042
885
876
832
1032
1127
1054
959
1014
908
890
904
877
829
1102
935
921
1037
904
1048
1104
813
1118
1045
930
1052
1113
1041
877
1118
810
1069
1041
907
1148
844
891
1086
880
1098
814
1081
1023
888
1145
1038
900
879
815
1023
1065
1002
891
1155
860
892
906
876
819
1023
1062
994
1162
1083
1043
820
1073
1062
905
875
823
1022
1031
891
918
908
879
819
1087
1033
1010
910
1146
1023
888
1108
819
1076
1044
858
1071
984
934
1092
1001
849
1077
814
1167
1042
934
1039
1139
1053
881
1123
813
1101
1041
905
1055
1108
790
1214
1039
906
876
817
1020
1029
1063
917
1032
850
887
901
879
822
1193
1119
1002
847
1090
761
1105
811
1103
1039
927
1050
1113
859
889
933
892
900
876
818
1194
1058
914
890
901
915
900
875
820
1044
1026
907
1086
1067
978
933
1105
815
1083
1100
909
1028
1105
812
1071
1151
919
876
901
1103
1077
1026
940
891
1005
903
1109
802
1166
799
903
848
1032
1083
819
1263
1039
903
1043
1211
964
880
1108
815
1077
1036
1173
984
1108
815
1072
1040
902
878
918
1061
1077
1073
898
1105
820
1083
1046
904
911
964
1146
1035
818
1119
1039
907
1051
1093
794
988
1027
878
1100
814
1071
1042
904
871
988
1018
1034
799
1051
1043
901
876
840
1022
989
1112
1058
1103
818
1161
1039
907
879
997
1006
1031
902
891
902
879
819
1020
1069
895
1010
921
1042
1041
900
882
822
1023
1041
1201
879
1108
817
1076
1038
886
876
835
1024
1046
972
1017
1067
1017
915
1094
815
1070
1001
986
891
909
876
823
1018
1068
902
939
1082
973
1072
899
894
906
880
830
1023
1184
1004
875
1095
821
1074
1046
904
876
822
1117
1037
1201
873
1029
1071
883
1104
776
1338
1038
909
920
900
880
823
1026
1037
905
890
917
1049
1214
872
896
903
876
814
1022
1062
890
897
918
875
822
1034
1059
993
913
1110
1047
877
1219
817
1076
1040
897
1050
903
889
897
878
833
1020
1073
996
881
1129
820
1160
1029
814
1008
815
1085
1038
902
1260
1092
812
1101
1025
890
880
839
1077
1096
1087
872
1047
867
918
918
890
901
882
1139
1072
1030
1042
901
880
792
1022
816
1080
1044
920
1091
1039
913
874
793
1026
817
1355
1034
1060
1000
877
1107
818
986
792
942
901
890
898
1098
1040
905
881
791
1021
985
1033
1043
915
907
903
881
825
1077
1034
1024
900
1168
1033
876
1105
814
1075
1172
1114
1048
1104
811
1116
1037
905
906
1014
860
1131
1011
879
1100
811
1097
1038
902
894
911
1058
1101
812
1162
1046
912
874
817
1026
1042
1074
925
1043
973
882
1103
812
1117
939
981
1050
904
873
824
1024
1058
996
882
1195
815
1079
1053
814
1079
1041
905
875
1292
902
1018
889
903
884
819
1024
1040
910
881
909
1044
1039
898
876
817
1022
1068
1247
902
1099
815
1117
1042
899
889
821
1070
1062
1083
909
995
914
904
897
876
819
1033
1035
903
981
922
900
860
1047
1101
810
1077
1068
1105
974
1039
905
878
821
1023
1240
988
880
1133
812
1069
1041
905
1065
1101
795
1154
1025
774
1101
815
1098
1036
900
1039
906
1067
1025
841
1072
1043
897
876
824
1048
1072
1017
982
883
914
891
898
877
819
1059
1052
793
1059
1027
1014
892
905
877
836
1053
1032
899
1092
926
975
1042
899
874
1204
868
1042
881
894
908
878
827
1080
1062
869
908
906
1062
1043
906
875
824
1021
1294
846
890
897
875
822
1022
878
1060
892
909
1052
1111
1045
880
1098
823
1110
1039
903
1034
1105
820
1104
1037
908
931
903
874
826
1039
1057
904
1091
1063
995
907
1104
982
1034
1042
906
875
823
1075
1036
942
893
900
1052
1114
855
892
905
1054
1108
866
1236
1038
903
881
835
1078
1031
1057
889
996
909
1135
956
910
1100
817
1110
1039
916
1019
818
1089
1050
857
887
897
876
829
1022
957
976
1017
817
1072
1042
930
871
822
1081
1270
801
912
1023
897
1103
817
1073
1039
898
1056
902
1090
1040
899
879
817
1030
1046
1148
879
1101
814
1076
1039
898
917
1003
861
1106
898
887
900
875
836
1034
1062
994
1009
1080
899
1088
1071
863
889
907
874
822
1051
1063
973
1022
1063
997
881
1096
816
1207
1009
810
1080
1039
898
880
824
1029
1061
1067
907
1174
1037
877
1103
814
1074
1042
901
1054
1103
880
1123
1040
913
895
905
873
955
1065
1040
979
897
901
874
826
1017
1199
1035
879
1096
775
1102
811
1098
1042
905
916
900
1088
1036
970
1027
1108
820
1071
1198
969
882
1103
826
979
817
1100
1037
901
882
828
1117
1037
814
991
815
1097
1037
938
884
905
877
824
1023
976
1041
903
1014
1062
1126
1098
819
1076
1042
973
891
897
875
1026
1034
1102
831
1151
1042
901
881
821
1019
1036
951
1095
1070
1005
885
1078
812
1071
898
914
873
822
1015
1040
885
894
899
1048
1107
1040
876
1107
814
1156
1153
903
1131
961
786
1098
1043
901
880
829
1099
1031
1100
906
1213
964
880
1105
812
1113
1116
1085
1051
1103
819
1072
1044
900
876
831
1019
1050
1071
917
1023
854
891
898
878
822
1240
928
1033
1096
1073
1100
813
1074
1038
980
1035
1106
1044
880
1104
812
1069
1041
903
1276
1108
860
892
900
877
820
1039
1046
1023
884
1115
856
895
1056
893
1099
810
1156
1131
904
894
862
880
849
1023
1064
996
881
1186
791
1152
1027
809
1098
1035
899
878
857
1032
905
1011
893
873
1055
1105
816
1101
1174
953
1083
1036
901
880
815
1018
1071
1002
904
1129
819
1169
1042
869
876
838
1014
1285
1031
1045
1062
1008
841
1081
815
1074
1024
907
891
886
1192
903
875
815
1041
1056
1075
802
1085
1019
814
1113
1041
897
879
914
1031
1062
875
892
903
874
824
1078
1037
963
906
1113
1073
883
1103
821
1159
1037
1104
907
1098
811
1019
822
1073
1049
901
978
817
1136
1032
841
992
816
1074
1036
902
881
827
1023
1039
933
887
909
888
1078
876
1370
1041
1051
991
894
929
890
899
877
833
1076
1030
1014
878
1106
824
1075
1045
903
1024
911
1045
1041
902
876
815
1027
1063
1042
876
1114
1058
1038
923
991
946
1103
802
1241
1099
815
1076
1037
897
869
795
1022
820
1159
1026
818
1073
1044
902
1055
1127
797
1227
1093
820
1099
1046
910
875
831
1019
1074
977
884
1106
830
1072
1044
898
873
816
1223
1063
982
904
997
910
892
903
882
916
1057
1028
1069
878
1103
813
1074
1042
969
1161
1129
1026
911
1098
816
1156
1040
894
994
915
889
902
909
905
876
814
1016
1058
1302
916
1098
998
852
1080
810
1071
1038
928
929
916
895
903
879
825
1072
1036
1008
885
1022
938
1043
898
879
839
1018
1049
1004
881
1173
820
1072
1039
907
1047
1104
816
1112
1071
912
1050
1039
902
879
814
1022
1079
1055
923
1134
815
1078
1040
902
878
824
1147
1078
898
1102
1069
960
898
1100
829
1102
1043
908
873
830
1020
1067
995
882
1101
816
1160
1024
874
1073
1038
904
877
828
1018
1033
1040
880
1132
792
1100
1036
924
1058
1438
1050
915
1098
1068
904
891
904
875
819
1089
1129
802
912
903
888
917
892
863
1122
901
1089
1037
907
944
902
878
817
1021
1123
1069
864
1092
834
997
1010
928
1093
863
1124
1023
810
1062
1048
959
1031
1102
796
891
873
923
904
1056
1095
877
1096
1037
1018
1025
1152
1012
879
1104
814
1080
1038
903
946
909
894
904
879
827
1091
944
989
877
1226
933
1035
906
878
823
1017
877
1058
929
909
893
908
1064
1103
812
1072
1088
900
1153
1110
1044
879
1105
814
1071
897
1017
891
909
1057
1105
816
1099
1044
900
936
900
1154
1107
1040
911
1110
816
1117
1041
956
1051
1097
812
1072
1063
903
876
827
1088
960
877
1096
1108
1010
840
1083
817
1097
1062
926
1052
1108
812
1074
1039
907
879
822
1133
1075
984
908
1000
902
1063
1107
821
1072
1169
909
879
824
1047
1066
902
888
901
990
1001
1039
1043
905
874
831
1018
1039
887
925
999
889
902
877
824
1026
1036
903
891
1172
906
1102
1055
879
1100
811
1112
1038
901
1115
1204
818
1073
1043
898
875
827
1212
1097
1041
881
1059
1015
878
1102
813
1114
1076
910
1215
1026
923
893
906
879
824
1083
1091
1033
976
985
891
1055
1105
819
1074
1049
916
889
905
1039
909
874
826
1052
1026
1066
999
855
926
1064
1107
819
1099
1041
1222
898
1104
826
992
815
1102
1041
903
878
826
1043
1029
795
1120
1026
913
894
901
881
805
1022
1066
998
786
868
881
846
1024
1076
1017
940
940
989
899
1092
813
1101
1148
897
890
906
880
823
1192
1056
1005
871
1162
812
1076
1043
815
1131
1086
903
876
818
921
1114
996
853
1084
831
1024
816
1106
929
982
1195
1078
1010
906
1126
793
1099
1062
912
890
899
880
817
1019
1057
925
892
902
1041
1115
1043
876
1105
803
1075
1037
900
1032
1107
788
1140
1046
907
878
830
1020
1100
870
1077
1041
1002
900
1058
818
1006
813
943
1036
904
879
827
1019
1041
933
1021
903
1141
981
1093
921
1176
1067
1006
884
1092
813
1102
1041
907
1014
902
1113
1046
901
875
822
1025
1063
1060
893
1141
1019
877
1103
816
1097
1045
902
922
910
1046
1042
902
893
818
1023
1063
905
1191
1091
817
1167
1044
900
879
825
1019
1087
1243
879
1108
811
1104
1041
904
877
1054
973
1067
909
896
903
877
825
1022
1039
893
1058
1224
845
894
904
1047
1108
808
1259
1005
910
981
920
893
905
879
826
1077
1070
876
1098
1198
1011
840
1082
822
1111
1071
1053
879
1102
794
1071
1040
903
881
823
1027
1019
905
1089
896
969
1053
900
876
825
1165
1073
845
921
917
1061
1105
813
1098
1040
911
1062
1038
892
880
821
1017
1071
1009
897
1098
819
1068
1052
909
876
819
1021
1159
979
880
1140
1029
887
1119
816
1097
1037
1137
900
1107
822
1068
924
969
1042
905
1007
914
1062
1041
902
883
914
1091
1062
1013
922
1103
817
1072
1044
899
932
910
1057
1155
812
1076
1039
814
1109
1064
982
901
901
876
828
1042
1103
786
885
856
959
904
873
859
1147
977
837
1044
1065
902
956
900
888
872
1090
1043
897
875
819
1035
1056
904
1061
1133
1025
878
1105
817
1122
1040
1002
875
902
875
827
1020
1038
875
887
902
904
897
1186
1170
987
880
1101
812
1103
1038
1006
1119
1098
819
1107
1023
903
877
834
1019
1116
1005
964
889
902
889
1090
881
1104
805
972
837
886
901
1063
1102
818
1072
1042
1067
943
905
1063
1045
900
877
833
1084
1029
1114
899
1104
812
1063
1041
910
875
876
1063
1073
876
1062
1036
1058
895
1102
819
1155
1057
920
892
910
1049
1103
824
1103
1038
1090
1053
1236
868
893
902
876
818
1020
1084
1040
901
1169
821
1072
1045
898
879
822
1144
1079
887
987
819
1075
1042
908
876
822
1020
1063
888
1030
1057
883
1102
810
1075
1102
1077
998
861
981
893
902
874
821
1016
1064
1010
869
1090
768
1112
816
1074
1059
906
994
908
1046
1038
999
901
899
880
822
1039
1008
897
1153
1044
752
1064
813
1072
1040
1151
923
1103
1056
879
1122
814
1075
1039
917
1101
1036
898
1047
1117
818
1127
1042
1122
1001
1117
1042
876
1105
838
1072
1042
905
912
910
894
899
1059
1100
755
1102
791
1157
1059
902
1097
1041
903
879
793
1021
814
1094
1042
903
1058
1101
814
1071
1163
904
881
1034
971
1038
899
880
834
1023
856
982
1047
902
875
821
1096
1030
1058
879
1176
798
1205
1095
815
1096
1046
899
876
828
1144
1072
1008
830
1079
815
1107
1040
902
1043
1275
804
1077
1039
813
1115
1041
902
883
848
1101
1102
855
889
1099
879
1102
811
1075
883
1078
1090
813
1099
1043
900
875
826
1019
946
933
1041
900
878
824
1022
1041
1000
883
1391
819
1169
1027
787
1100
1035
916
893
966
960
905
880
840
1020
1044
889
886
898
1051
899
1107
1045
903
875
824
1028
1047
904
1075
1110
832
1134
1041
900
1047
1110
811
1076
1067
1094
1088
1027
892
893
904
881
824
1105
1129
806
906
977
879
1105
817
1072
1204
889
1090
961
919
1038
904
882
828
1019
922
960
1128
798
1072
1038
906
876
821
1120
1016
1074
979
877
1021
907
907
875
814
1023
1054
909
894
1029
895
902
877
822
1032
1205
986
1033
1090
919
1076
1042
902
1049
1164
821
1073
1045
896
875
827
1021
1052
885
1163
1107
1078
877
1127
841
1070
1044
907
1054
1098
820
1116
1039
930
897
920
1057
1220
830
1271
1009
814
1074
914
967
1039
920
1034
1094
815
1152
1041
854
879
847
1024
1052
1040
874
1036
1047
898
1111
817
1111
1148
961
908
1105
835
1126
1039
1000
896
904
1131
1450
1170
